0.135	0.0
0.135	0.0004081632653061224
0.135	0.0008163265306122448
0.135	0.0012244897959183673
0.135	0.0016326530612244896
0.135	0.002040816326530612
0.135	0.0024489795918367346
0.135	0.002857142857142857
0.135	0.0032653061224489793
0.135	0.003673469387755102
0.135	0.004081632653061224
0.135	0.004489795918367346
0.135	0.004897959183673469
0.135	0.005306122448979591
0.135	0.005714285714285714
0.135	0.0061224489795918356
0.135	0.0065306122448979586
0.135	0.0069387755102040816
0.135	0.007346938775510204
0.135	0.007755102040816327
0.135	0.008163265306122448
0.135	0.008571428571428572
0.135	0.008979591836734692
0.135	0.009387755102040816
0.135	0.009795918367346938
0.135	0.010204081632653062
0.135	0.010612244897959184
0.135	0.011020408163265308
0.135	0.011428571428571429
0.135	0.01183673469387755
0.135	0.012244897959183675
0.135	0.012653061224489797
0.135	0.01306122448979592
0.135	0.013469387755102043
0.135	0.013877551020408165
0.135	0.014285714285714287
0.135	0.01469387755102041
0.135	0.01510204081632653
0.135	0.015510204081632653
0.135	0.015918367346938776
0.135	0.0163265306122449
0.135	0.016734693877551023
0.135	0.017142857142857144
0.135	0.017551020408163264
0.135	0.017959183673469388
0.135	0.018367346938775512
0.135	0.018775510204081632
0.135	0.019183673469387756
0.135	0.019591836734693877
0.135	0.02
0.13570408163265307	0.0
0.13570408163265307	0.0004081632653061224
0.13570408163265307	0.0008163265306122448
0.13570408163265307	0.0012244897959183673
0.13570408163265307	0.0016326530612244896
0.13570408163265307	0.002040816326530612
0.13570408163265307	0.0024489795918367346
0.13570408163265307	0.002857142857142857
0.13570408163265307	0.0032653061224489793
0.13570408163265307	0.003673469387755102
0.13570408163265307	0.004081632653061224
0.13570408163265307	0.004489795918367346
0.13570408163265307	0.004897959183673469
0.13570408163265307	0.005306122448979591
0.13570408163265307	0.005714285714285714
0.13570408163265307	0.0061224489795918356
0.13570408163265307	0.0065306122448979586
0.13570408163265307	0.0069387755102040816
0.13570408163265307	0.007346938775510204
0.13570408163265307	0.007755102040816327
0.13570408163265307	0.008163265306122448
0.13570408163265307	0.008571428571428572
0.13570408163265307	0.008979591836734692
0.13570408163265307	0.009387755102040816
0.13570408163265307	0.009795918367346938
0.13570408163265307	0.010204081632653062
0.13570408163265307	0.010612244897959184
0.13570408163265307	0.011020408163265308
0.13570408163265307	0.011428571428571429
0.13570408163265307	0.01183673469387755
0.13570408163265307	0.012244897959183675
0.13570408163265307	0.012653061224489797
0.13570408163265307	0.01306122448979592
0.13570408163265307	0.013469387755102043
0.13570408163265307	0.013877551020408165
0.13570408163265307	0.014285714285714287
0.13570408163265307	0.01469387755102041
0.13570408163265307	0.01510204081632653
0.13570408163265307	0.015510204081632653
0.13570408163265307	0.015918367346938776
0.13570408163265307	0.0163265306122449
0.13570408163265307	0.016734693877551023
0.13570408163265307	0.017142857142857144
0.13570408163265307	0.017551020408163264
0.13570408163265307	0.017959183673469388
0.13570408163265307	0.018367346938775512
0.13570408163265307	0.018775510204081632
0.13570408163265307	0.019183673469387756
0.13570408163265307	0.019591836734693877
0.13570408163265307	0.02
0.13640816326530614	0.0
0.13640816326530614	0.0004081632653061224
0.13640816326530614	0.0008163265306122448
0.13640816326530614	0.0012244897959183673
0.13640816326530614	0.0016326530612244896
0.13640816326530614	0.002040816326530612
0.13640816326530614	0.0024489795918367346
0.13640816326530614	0.002857142857142857
0.13640816326530614	0.0032653061224489793
0.13640816326530614	0.003673469387755102
0.13640816326530614	0.004081632653061224
0.13640816326530614	0.004489795918367346
0.13640816326530614	0.004897959183673469
0.13640816326530614	0.005306122448979591
0.13640816326530614	0.005714285714285714
0.13640816326530614	0.0061224489795918356
0.13640816326530614	0.0065306122448979586
0.13640816326530614	0.0069387755102040816
0.13640816326530614	0.007346938775510204
0.13640816326530614	0.007755102040816327
0.13640816326530614	0.008163265306122448
0.13640816326530614	0.008571428571428572
0.13640816326530614	0.008979591836734692
0.13640816326530614	0.009387755102040816
0.13640816326530614	0.009795918367346938
0.13640816326530614	0.010204081632653062
0.13640816326530614	0.010612244897959184
0.13640816326530614	0.011020408163265308
0.13640816326530614	0.011428571428571429
0.13640816326530614	0.01183673469387755
0.13640816326530614	0.012244897959183675
0.13640816326530614	0.012653061224489797
0.13640816326530614	0.01306122448979592
0.13640816326530614	0.013469387755102043
0.13640816326530614	0.013877551020408165
0.13640816326530614	0.014285714285714287
0.13640816326530614	0.01469387755102041
0.13640816326530614	0.01510204081632653
0.13640816326530614	0.015510204081632653
0.13640816326530614	0.015918367346938776
0.13640816326530614	0.0163265306122449
0.13640816326530614	0.016734693877551023
0.13640816326530614	0.017142857142857144
0.13640816326530614	0.017551020408163264
0.13640816326530614	0.017959183673469388
0.13640816326530614	0.018367346938775512
0.13640816326530614	0.018775510204081632
0.13640816326530614	0.019183673469387756
0.13640816326530614	0.019591836734693877
0.13640816326530614	0.02
0.1371122448979592	0.0
0.1371122448979592	0.0004081632653061224
0.1371122448979592	0.0008163265306122448
0.1371122448979592	0.0012244897959183673
0.1371122448979592	0.0016326530612244896
0.1371122448979592	0.002040816326530612
0.1371122448979592	0.0024489795918367346
0.1371122448979592	0.002857142857142857
0.1371122448979592	0.0032653061224489793
0.1371122448979592	0.003673469387755102
0.1371122448979592	0.004081632653061224
0.1371122448979592	0.004489795918367346
0.1371122448979592	0.004897959183673469
0.1371122448979592	0.005306122448979591
0.1371122448979592	0.005714285714285714
0.1371122448979592	0.0061224489795918356
0.1371122448979592	0.0065306122448979586
0.1371122448979592	0.0069387755102040816
0.1371122448979592	0.007346938775510204
0.1371122448979592	0.007755102040816327
0.1371122448979592	0.008163265306122448
0.1371122448979592	0.008571428571428572
0.1371122448979592	0.008979591836734692
0.1371122448979592	0.009387755102040816
0.1371122448979592	0.009795918367346938
0.1371122448979592	0.010204081632653062
0.1371122448979592	0.010612244897959184
0.1371122448979592	0.011020408163265308
0.1371122448979592	0.011428571428571429
0.1371122448979592	0.01183673469387755
0.1371122448979592	0.012244897959183675
0.1371122448979592	0.012653061224489797
0.1371122448979592	0.01306122448979592
0.1371122448979592	0.013469387755102043
0.1371122448979592	0.013877551020408165
0.1371122448979592	0.014285714285714287
0.1371122448979592	0.01469387755102041
0.1371122448979592	0.01510204081632653
0.1371122448979592	0.015510204081632653
0.1371122448979592	0.015918367346938776
0.1371122448979592	0.0163265306122449
0.1371122448979592	0.016734693877551023
0.1371122448979592	0.017142857142857144
0.1371122448979592	0.017551020408163264
0.1371122448979592	0.017959183673469388
0.1371122448979592	0.018367346938775512
0.1371122448979592	0.018775510204081632
0.1371122448979592	0.019183673469387756
0.1371122448979592	0.019591836734693877
0.1371122448979592	0.02
0.13781632653061227	0.0
0.13781632653061227	0.0004081632653061224
0.13781632653061227	0.0008163265306122448
0.13781632653061227	0.0012244897959183673
0.13781632653061227	0.0016326530612244896
0.13781632653061227	0.002040816326530612
0.13781632653061227	0.0024489795918367346
0.13781632653061227	0.002857142857142857
0.13781632653061227	0.0032653061224489793
0.13781632653061227	0.003673469387755102
0.13781632653061227	0.004081632653061224
0.13781632653061227	0.004489795918367346
0.13781632653061227	0.004897959183673469
0.13781632653061227	0.005306122448979591
0.13781632653061227	0.005714285714285714
0.13781632653061227	0.0061224489795918356
0.13781632653061227	0.0065306122448979586
0.13781632653061227	0.0069387755102040816
0.13781632653061227	0.007346938775510204
0.13781632653061227	0.007755102040816327
0.13781632653061227	0.008163265306122448
0.13781632653061227	0.008571428571428572
0.13781632653061227	0.008979591836734692
0.13781632653061227	0.009387755102040816
0.13781632653061227	0.009795918367346938
0.13781632653061227	0.010204081632653062
0.13781632653061227	0.010612244897959184
0.13781632653061227	0.011020408163265308
0.13781632653061227	0.011428571428571429
0.13781632653061227	0.01183673469387755
0.13781632653061227	0.012244897959183675
0.13781632653061227	0.012653061224489797
0.13781632653061227	0.01306122448979592
0.13781632653061227	0.013469387755102043
0.13781632653061227	0.013877551020408165
0.13781632653061227	0.014285714285714287
0.13781632653061227	0.01469387755102041
0.13781632653061227	0.01510204081632653
0.13781632653061227	0.015510204081632653
0.13781632653061227	0.015918367346938776
0.13781632653061227	0.0163265306122449
0.13781632653061227	0.016734693877551023
0.13781632653061227	0.017142857142857144
0.13781632653061227	0.017551020408163264
0.13781632653061227	0.017959183673469388
0.13781632653061227	0.018367346938775512
0.13781632653061227	0.018775510204081632
0.13781632653061227	0.019183673469387756
0.13781632653061227	0.019591836734693877
0.13781632653061227	0.02
0.1385204081632653	0.0
0.1385204081632653	0.0004081632653061224
0.1385204081632653	0.0008163265306122448
0.1385204081632653	0.0012244897959183673
0.1385204081632653	0.0016326530612244896
0.1385204081632653	0.002040816326530612
0.1385204081632653	0.0024489795918367346
0.1385204081632653	0.002857142857142857
0.1385204081632653	0.0032653061224489793
0.1385204081632653	0.003673469387755102
0.1385204081632653	0.004081632653061224
0.1385204081632653	0.004489795918367346
0.1385204081632653	0.004897959183673469
0.1385204081632653	0.005306122448979591
0.1385204081632653	0.005714285714285714
0.1385204081632653	0.0061224489795918356
0.1385204081632653	0.0065306122448979586
0.1385204081632653	0.0069387755102040816
0.1385204081632653	0.007346938775510204
0.1385204081632653	0.007755102040816327
0.1385204081632653	0.008163265306122448
0.1385204081632653	0.008571428571428572
0.1385204081632653	0.008979591836734692
0.1385204081632653	0.009387755102040816
0.1385204081632653	0.009795918367346938
0.1385204081632653	0.010204081632653062
0.1385204081632653	0.010612244897959184
0.1385204081632653	0.011020408163265308
0.1385204081632653	0.011428571428571429
0.1385204081632653	0.01183673469387755
0.1385204081632653	0.012244897959183675
0.1385204081632653	0.012653061224489797
0.1385204081632653	0.01306122448979592
0.1385204081632653	0.013469387755102043
0.1385204081632653	0.013877551020408165
0.1385204081632653	0.014285714285714287
0.1385204081632653	0.01469387755102041
0.1385204081632653	0.01510204081632653
0.1385204081632653	0.015510204081632653
0.1385204081632653	0.015918367346938776
0.1385204081632653	0.0163265306122449
0.1385204081632653	0.016734693877551023
0.1385204081632653	0.017142857142857144
0.1385204081632653	0.017551020408163264
0.1385204081632653	0.017959183673469388
0.1385204081632653	0.018367346938775512
0.1385204081632653	0.018775510204081632
0.1385204081632653	0.019183673469387756
0.1385204081632653	0.019591836734693877
0.1385204081632653	0.02
0.13922448979591837	0.0
0.13922448979591837	0.0004081632653061224
0.13922448979591837	0.0008163265306122448
0.13922448979591837	0.0012244897959183673
0.13922448979591837	0.0016326530612244896
0.13922448979591837	0.002040816326530612
0.13922448979591837	0.0024489795918367346
0.13922448979591837	0.002857142857142857
0.13922448979591837	0.0032653061224489793
0.13922448979591837	0.003673469387755102
0.13922448979591837	0.004081632653061224
0.13922448979591837	0.004489795918367346
0.13922448979591837	0.004897959183673469
0.13922448979591837	0.005306122448979591
0.13922448979591837	0.005714285714285714
0.13922448979591837	0.0061224489795918356
0.13922448979591837	0.0065306122448979586
0.13922448979591837	0.0069387755102040816
0.13922448979591837	0.007346938775510204
0.13922448979591837	0.007755102040816327
0.13922448979591837	0.008163265306122448
0.13922448979591837	0.008571428571428572
0.13922448979591837	0.008979591836734692
0.13922448979591837	0.009387755102040816
0.13922448979591837	0.009795918367346938
0.13922448979591837	0.010204081632653062
0.13922448979591837	0.010612244897959184
0.13922448979591837	0.011020408163265308
0.13922448979591837	0.011428571428571429
0.13922448979591837	0.01183673469387755
0.13922448979591837	0.012244897959183675
0.13922448979591837	0.012653061224489797
0.13922448979591837	0.01306122448979592
0.13922448979591837	0.013469387755102043
0.13922448979591837	0.013877551020408165
0.13922448979591837	0.014285714285714287
0.13922448979591837	0.01469387755102041
0.13922448979591837	0.01510204081632653
0.13922448979591837	0.015510204081632653
0.13922448979591837	0.015918367346938776
0.13922448979591837	0.0163265306122449
0.13922448979591837	0.016734693877551023
0.13922448979591837	0.017142857142857144
0.13922448979591837	0.017551020408163264
0.13922448979591837	0.017959183673469388
0.13922448979591837	0.018367346938775512
0.13922448979591837	0.018775510204081632
0.13922448979591837	0.019183673469387756
0.13922448979591837	0.019591836734693877
0.13922448979591837	0.02
0.13992857142857143	0.0
0.13992857142857143	0.0004081632653061224
0.13992857142857143	0.0008163265306122448
0.13992857142857143	0.0012244897959183673
0.13992857142857143	0.0016326530612244896
0.13992857142857143	0.002040816326530612
0.13992857142857143	0.0024489795918367346
0.13992857142857143	0.002857142857142857
0.13992857142857143	0.0032653061224489793
0.13992857142857143	0.003673469387755102
0.13992857142857143	0.004081632653061224
0.13992857142857143	0.004489795918367346
0.13992857142857143	0.004897959183673469
0.13992857142857143	0.005306122448979591
0.13992857142857143	0.005714285714285714
0.13992857142857143	0.0061224489795918356
0.13992857142857143	0.0065306122448979586
0.13992857142857143	0.0069387755102040816
0.13992857142857143	0.007346938775510204
0.13992857142857143	0.007755102040816327
0.13992857142857143	0.008163265306122448
0.13992857142857143	0.008571428571428572
0.13992857142857143	0.008979591836734692
0.13992857142857143	0.009387755102040816
0.13992857142857143	0.009795918367346938
0.13992857142857143	0.010204081632653062
0.13992857142857143	0.010612244897959184
0.13992857142857143	0.011020408163265308
0.13992857142857143	0.011428571428571429
0.13992857142857143	0.01183673469387755
0.13992857142857143	0.012244897959183675
0.13992857142857143	0.012653061224489797
0.13992857142857143	0.01306122448979592
0.13992857142857143	0.013469387755102043
0.13992857142857143	0.013877551020408165
0.13992857142857143	0.014285714285714287
0.13992857142857143	0.01469387755102041
0.13992857142857143	0.01510204081632653
0.13992857142857143	0.015510204081632653
0.13992857142857143	0.015918367346938776
0.13992857142857143	0.0163265306122449
0.13992857142857143	0.016734693877551023
0.13992857142857143	0.017142857142857144
0.13992857142857143	0.017551020408163264
0.13992857142857143	0.017959183673469388
0.13992857142857143	0.018367346938775512
0.13992857142857143	0.018775510204081632
0.13992857142857143	0.019183673469387756
0.13992857142857143	0.019591836734693877
0.13992857142857143	0.02
0.1406326530612245	0.0
0.1406326530612245	0.0004081632653061224
0.1406326530612245	0.0008163265306122448
0.1406326530612245	0.0012244897959183673
0.1406326530612245	0.0016326530612244896
0.1406326530612245	0.002040816326530612
0.1406326530612245	0.0024489795918367346
0.1406326530612245	0.002857142857142857
0.1406326530612245	0.0032653061224489793
0.1406326530612245	0.003673469387755102
0.1406326530612245	0.004081632653061224
0.1406326530612245	0.004489795918367346
0.1406326530612245	0.004897959183673469
0.1406326530612245	0.005306122448979591
0.1406326530612245	0.005714285714285714
0.1406326530612245	0.0061224489795918356
0.1406326530612245	0.0065306122448979586
0.1406326530612245	0.0069387755102040816
0.1406326530612245	0.007346938775510204
0.1406326530612245	0.007755102040816327
0.1406326530612245	0.008163265306122448
0.1406326530612245	0.008571428571428572
0.1406326530612245	0.008979591836734692
0.1406326530612245	0.009387755102040816
0.1406326530612245	0.009795918367346938
0.1406326530612245	0.010204081632653062
0.1406326530612245	0.010612244897959184
0.1406326530612245	0.011020408163265308
0.1406326530612245	0.011428571428571429
0.1406326530612245	0.01183673469387755
0.1406326530612245	0.012244897959183675
0.1406326530612245	0.012653061224489797
0.1406326530612245	0.01306122448979592
0.1406326530612245	0.013469387755102043
0.1406326530612245	0.013877551020408165
0.1406326530612245	0.014285714285714287
0.1406326530612245	0.01469387755102041
0.1406326530612245	0.01510204081632653
0.1406326530612245	0.015510204081632653
0.1406326530612245	0.015918367346938776
0.1406326530612245	0.0163265306122449
0.1406326530612245	0.016734693877551023
0.1406326530612245	0.017142857142857144
0.1406326530612245	0.017551020408163264
0.1406326530612245	0.017959183673469388
0.1406326530612245	0.018367346938775512
0.1406326530612245	0.018775510204081632
0.1406326530612245	0.019183673469387756
0.1406326530612245	0.019591836734693877
0.1406326530612245	0.02
0.14133673469387756	0.0
0.14133673469387756	0.0004081632653061224
0.14133673469387756	0.0008163265306122448
0.14133673469387756	0.0012244897959183673
0.14133673469387756	0.0016326530612244896
0.14133673469387756	0.002040816326530612
0.14133673469387756	0.0024489795918367346
0.14133673469387756	0.002857142857142857
0.14133673469387756	0.0032653061224489793
0.14133673469387756	0.003673469387755102
0.14133673469387756	0.004081632653061224
0.14133673469387756	0.004489795918367346
0.14133673469387756	0.004897959183673469
0.14133673469387756	0.005306122448979591
0.14133673469387756	0.005714285714285714
0.14133673469387756	0.0061224489795918356
0.14133673469387756	0.0065306122448979586
0.14133673469387756	0.0069387755102040816
0.14133673469387756	0.007346938775510204
0.14133673469387756	0.007755102040816327
0.14133673469387756	0.008163265306122448
0.14133673469387756	0.008571428571428572
0.14133673469387756	0.008979591836734692
0.14133673469387756	0.009387755102040816
0.14133673469387756	0.009795918367346938
0.14133673469387756	0.010204081632653062
0.14133673469387756	0.010612244897959184
0.14133673469387756	0.011020408163265308
0.14133673469387756	0.011428571428571429
0.14133673469387756	0.01183673469387755
0.14133673469387756	0.012244897959183675
0.14133673469387756	0.012653061224489797
0.14133673469387756	0.01306122448979592
0.14133673469387756	0.013469387755102043
0.14133673469387756	0.013877551020408165
0.14133673469387756	0.014285714285714287
0.14133673469387756	0.01469387755102041
0.14133673469387756	0.01510204081632653
0.14133673469387756	0.015510204081632653
0.14133673469387756	0.015918367346938776
0.14133673469387756	0.0163265306122449
0.14133673469387756	0.016734693877551023
0.14133673469387756	0.017142857142857144
0.14133673469387756	0.017551020408163264
0.14133673469387756	0.017959183673469388
0.14133673469387756	0.018367346938775512
0.14133673469387756	0.018775510204081632
0.14133673469387756	0.019183673469387756
0.14133673469387756	0.019591836734693877
0.14133673469387756	0.02
0.14204081632653062	0.0
0.14204081632653062	0.0004081632653061224
0.14204081632653062	0.0008163265306122448
0.14204081632653062	0.0012244897959183673
0.14204081632653062	0.0016326530612244896
0.14204081632653062	0.002040816326530612
0.14204081632653062	0.0024489795918367346
0.14204081632653062	0.002857142857142857
0.14204081632653062	0.0032653061224489793
0.14204081632653062	0.003673469387755102
0.14204081632653062	0.004081632653061224
0.14204081632653062	0.004489795918367346
0.14204081632653062	0.004897959183673469
0.14204081632653062	0.005306122448979591
0.14204081632653062	0.005714285714285714
0.14204081632653062	0.0061224489795918356
0.14204081632653062	0.0065306122448979586
0.14204081632653062	0.0069387755102040816
0.14204081632653062	0.007346938775510204
0.14204081632653062	0.007755102040816327
0.14204081632653062	0.008163265306122448
0.14204081632653062	0.008571428571428572
0.14204081632653062	0.008979591836734692
0.14204081632653062	0.009387755102040816
0.14204081632653062	0.009795918367346938
0.14204081632653062	0.010204081632653062
0.14204081632653062	0.010612244897959184
0.14204081632653062	0.011020408163265308
0.14204081632653062	0.011428571428571429
0.14204081632653062	0.01183673469387755
0.14204081632653062	0.012244897959183675
0.14204081632653062	0.012653061224489797
0.14204081632653062	0.01306122448979592
0.14204081632653062	0.013469387755102043
0.14204081632653062	0.013877551020408165
0.14204081632653062	0.014285714285714287
0.14204081632653062	0.01469387755102041
0.14204081632653062	0.01510204081632653
0.14204081632653062	0.015510204081632653
0.14204081632653062	0.015918367346938776
0.14204081632653062	0.0163265306122449
0.14204081632653062	0.016734693877551023
0.14204081632653062	0.017142857142857144
0.14204081632653062	0.017551020408163264
0.14204081632653062	0.017959183673469388
0.14204081632653062	0.018367346938775512
0.14204081632653062	0.018775510204081632
0.14204081632653062	0.019183673469387756
0.14204081632653062	0.019591836734693877
0.14204081632653062	0.02
0.1427448979591837	0.0
0.1427448979591837	0.0004081632653061224
0.1427448979591837	0.0008163265306122448
0.1427448979591837	0.0012244897959183673
0.1427448979591837	0.0016326530612244896
0.1427448979591837	0.002040816326530612
0.1427448979591837	0.0024489795918367346
0.1427448979591837	0.002857142857142857
0.1427448979591837	0.0032653061224489793
0.1427448979591837	0.003673469387755102
0.1427448979591837	0.004081632653061224
0.1427448979591837	0.004489795918367346
0.1427448979591837	0.004897959183673469
0.1427448979591837	0.005306122448979591
0.1427448979591837	0.005714285714285714
0.1427448979591837	0.0061224489795918356
0.1427448979591837	0.0065306122448979586
0.1427448979591837	0.0069387755102040816
0.1427448979591837	0.007346938775510204
0.1427448979591837	0.007755102040816327
0.1427448979591837	0.008163265306122448
0.1427448979591837	0.008571428571428572
0.1427448979591837	0.008979591836734692
0.1427448979591837	0.009387755102040816
0.1427448979591837	0.009795918367346938
0.1427448979591837	0.010204081632653062
0.1427448979591837	0.010612244897959184
0.1427448979591837	0.011020408163265308
0.1427448979591837	0.011428571428571429
0.1427448979591837	0.01183673469387755
0.1427448979591837	0.012244897959183675
0.1427448979591837	0.012653061224489797
0.1427448979591837	0.01306122448979592
0.1427448979591837	0.013469387755102043
0.1427448979591837	0.013877551020408165
0.1427448979591837	0.014285714285714287
0.1427448979591837	0.01469387755102041
0.1427448979591837	0.01510204081632653
0.1427448979591837	0.015510204081632653
0.1427448979591837	0.015918367346938776
0.1427448979591837	0.0163265306122449
0.1427448979591837	0.016734693877551023
0.1427448979591837	0.017142857142857144
0.1427448979591837	0.017551020408163264
0.1427448979591837	0.017959183673469388
0.1427448979591837	0.018367346938775512
0.1427448979591837	0.018775510204081632
0.1427448979591837	0.019183673469387756
0.1427448979591837	0.019591836734693877
0.1427448979591837	0.02
0.14344897959183675	0.0
0.14344897959183675	0.0004081632653061224
0.14344897959183675	0.0008163265306122448
0.14344897959183675	0.0012244897959183673
0.14344897959183675	0.0016326530612244896
0.14344897959183675	0.002040816326530612
0.14344897959183675	0.0024489795918367346
0.14344897959183675	0.002857142857142857
0.14344897959183675	0.0032653061224489793
0.14344897959183675	0.003673469387755102
0.14344897959183675	0.004081632653061224
0.14344897959183675	0.004489795918367346
0.14344897959183675	0.004897959183673469
0.14344897959183675	0.005306122448979591
0.14344897959183675	0.005714285714285714
0.14344897959183675	0.0061224489795918356
0.14344897959183675	0.0065306122448979586
0.14344897959183675	0.0069387755102040816
0.14344897959183675	0.007346938775510204
0.14344897959183675	0.007755102040816327
0.14344897959183675	0.008163265306122448
0.14344897959183675	0.008571428571428572
0.14344897959183675	0.008979591836734692
0.14344897959183675	0.009387755102040816
0.14344897959183675	0.009795918367346938
0.14344897959183675	0.010204081632653062
0.14344897959183675	0.010612244897959184
0.14344897959183675	0.011020408163265308
0.14344897959183675	0.011428571428571429
0.14344897959183675	0.01183673469387755
0.14344897959183675	0.012244897959183675
0.14344897959183675	0.012653061224489797
0.14344897959183675	0.01306122448979592
0.14344897959183675	0.013469387755102043
0.14344897959183675	0.013877551020408165
0.14344897959183675	0.014285714285714287
0.14344897959183675	0.01469387755102041
0.14344897959183675	0.01510204081632653
0.14344897959183675	0.015510204081632653
0.14344897959183675	0.015918367346938776
0.14344897959183675	0.0163265306122449
0.14344897959183675	0.016734693877551023
0.14344897959183675	0.017142857142857144
0.14344897959183675	0.017551020408163264
0.14344897959183675	0.017959183673469388
0.14344897959183675	0.018367346938775512
0.14344897959183675	0.018775510204081632
0.14344897959183675	0.019183673469387756
0.14344897959183675	0.019591836734693877
0.14344897959183675	0.02
0.14415306122448981	0.0
0.14415306122448981	0.0004081632653061224
0.14415306122448981	0.0008163265306122448
0.14415306122448981	0.0012244897959183673
0.14415306122448981	0.0016326530612244896
0.14415306122448981	0.002040816326530612
0.14415306122448981	0.0024489795918367346
0.14415306122448981	0.002857142857142857
0.14415306122448981	0.0032653061224489793
0.14415306122448981	0.003673469387755102
0.14415306122448981	0.004081632653061224
0.14415306122448981	0.004489795918367346
0.14415306122448981	0.004897959183673469
0.14415306122448981	0.005306122448979591
0.14415306122448981	0.005714285714285714
0.14415306122448981	0.0061224489795918356
0.14415306122448981	0.0065306122448979586
0.14415306122448981	0.0069387755102040816
0.14415306122448981	0.007346938775510204
0.14415306122448981	0.007755102040816327
0.14415306122448981	0.008163265306122448
0.14415306122448981	0.008571428571428572
0.14415306122448981	0.008979591836734692
0.14415306122448981	0.009387755102040816
0.14415306122448981	0.009795918367346938
0.14415306122448981	0.010204081632653062
0.14415306122448981	0.010612244897959184
0.14415306122448981	0.011020408163265308
0.14415306122448981	0.011428571428571429
0.14415306122448981	0.01183673469387755
0.14415306122448981	0.012244897959183675
0.14415306122448981	0.012653061224489797
0.14415306122448981	0.01306122448979592
0.14415306122448981	0.013469387755102043
0.14415306122448981	0.013877551020408165
0.14415306122448981	0.014285714285714287
0.14415306122448981	0.01469387755102041
0.14415306122448981	0.01510204081632653
0.14415306122448981	0.015510204081632653
0.14415306122448981	0.015918367346938776
0.14415306122448981	0.0163265306122449
0.14415306122448981	0.016734693877551023
0.14415306122448981	0.017142857142857144
0.14415306122448981	0.017551020408163264
0.14415306122448981	0.017959183673469388
0.14415306122448981	0.018367346938775512
0.14415306122448981	0.018775510204081632
0.14415306122448981	0.019183673469387756
0.14415306122448981	0.019591836734693877
0.14415306122448981	0.02
0.14485714285714288	0.0
0.14485714285714288	0.0004081632653061224
0.14485714285714288	0.0008163265306122448
0.14485714285714288	0.0012244897959183673
0.14485714285714288	0.0016326530612244896
0.14485714285714288	0.002040816326530612
0.14485714285714288	0.0024489795918367346
0.14485714285714288	0.002857142857142857
0.14485714285714288	0.0032653061224489793
0.14485714285714288	0.003673469387755102
0.14485714285714288	0.004081632653061224
0.14485714285714288	0.004489795918367346
0.14485714285714288	0.004897959183673469
0.14485714285714288	0.005306122448979591
0.14485714285714288	0.005714285714285714
0.14485714285714288	0.0061224489795918356
0.14485714285714288	0.0065306122448979586
0.14485714285714288	0.0069387755102040816
0.14485714285714288	0.007346938775510204
0.14485714285714288	0.007755102040816327
0.14485714285714288	0.008163265306122448
0.14485714285714288	0.008571428571428572
0.14485714285714288	0.008979591836734692
0.14485714285714288	0.009387755102040816
0.14485714285714288	0.009795918367346938
0.14485714285714288	0.010204081632653062
0.14485714285714288	0.010612244897959184
0.14485714285714288	0.011020408163265308
0.14485714285714288	0.011428571428571429
0.14485714285714288	0.01183673469387755
0.14485714285714288	0.012244897959183675
0.14485714285714288	0.012653061224489797
0.14485714285714288	0.01306122448979592
0.14485714285714288	0.013469387755102043
0.14485714285714288	0.013877551020408165
0.14485714285714288	0.014285714285714287
0.14485714285714288	0.01469387755102041
0.14485714285714288	0.01510204081632653
0.14485714285714288	0.015510204081632653
0.14485714285714288	0.015918367346938776
0.14485714285714288	0.0163265306122449
0.14485714285714288	0.016734693877551023
0.14485714285714288	0.017142857142857144
0.14485714285714288	0.017551020408163264
0.14485714285714288	0.017959183673469388
0.14485714285714288	0.018367346938775512
0.14485714285714288	0.018775510204081632
0.14485714285714288	0.019183673469387756
0.14485714285714288	0.019591836734693877
0.14485714285714288	0.02
0.14556122448979592	0.0
0.14556122448979592	0.0004081632653061224
0.14556122448979592	0.0008163265306122448
0.14556122448979592	0.0012244897959183673
0.14556122448979592	0.0016326530612244896
0.14556122448979592	0.002040816326530612
0.14556122448979592	0.0024489795918367346
0.14556122448979592	0.002857142857142857
0.14556122448979592	0.0032653061224489793
0.14556122448979592	0.003673469387755102
0.14556122448979592	0.004081632653061224
0.14556122448979592	0.004489795918367346
0.14556122448979592	0.004897959183673469
0.14556122448979592	0.005306122448979591
0.14556122448979592	0.005714285714285714
0.14556122448979592	0.0061224489795918356
0.14556122448979592	0.0065306122448979586
0.14556122448979592	0.0069387755102040816
0.14556122448979592	0.007346938775510204
0.14556122448979592	0.007755102040816327
0.14556122448979592	0.008163265306122448
0.14556122448979592	0.008571428571428572
0.14556122448979592	0.008979591836734692
0.14556122448979592	0.009387755102040816
0.14556122448979592	0.009795918367346938
0.14556122448979592	0.010204081632653062
0.14556122448979592	0.010612244897959184
0.14556122448979592	0.011020408163265308
0.14556122448979592	0.011428571428571429
0.14556122448979592	0.01183673469387755
0.14556122448979592	0.012244897959183675
0.14556122448979592	0.012653061224489797
0.14556122448979592	0.01306122448979592
0.14556122448979592	0.013469387755102043
0.14556122448979592	0.013877551020408165
0.14556122448979592	0.014285714285714287
0.14556122448979592	0.01469387755102041
0.14556122448979592	0.01510204081632653
0.14556122448979592	0.015510204081632653
0.14556122448979592	0.015918367346938776
0.14556122448979592	0.0163265306122449
0.14556122448979592	0.016734693877551023
0.14556122448979592	0.017142857142857144
0.14556122448979592	0.017551020408163264
0.14556122448979592	0.017959183673469388
0.14556122448979592	0.018367346938775512
0.14556122448979592	0.018775510204081632
0.14556122448979592	0.019183673469387756
0.14556122448979592	0.019591836734693877
0.14556122448979592	0.02
0.14626530612244898	0.0
0.14626530612244898	0.0004081632653061224
0.14626530612244898	0.0008163265306122448
0.14626530612244898	0.0012244897959183673
0.14626530612244898	0.0016326530612244896
0.14626530612244898	0.002040816326530612
0.14626530612244898	0.0024489795918367346
0.14626530612244898	0.002857142857142857
0.14626530612244898	0.0032653061224489793
0.14626530612244898	0.003673469387755102
0.14626530612244898	0.004081632653061224
0.14626530612244898	0.004489795918367346
0.14626530612244898	0.004897959183673469
0.14626530612244898	0.005306122448979591
0.14626530612244898	0.005714285714285714
0.14626530612244898	0.0061224489795918356
0.14626530612244898	0.0065306122448979586
0.14626530612244898	0.0069387755102040816
0.14626530612244898	0.007346938775510204
0.14626530612244898	0.007755102040816327
0.14626530612244898	0.008163265306122448
0.14626530612244898	0.008571428571428572
0.14626530612244898	0.008979591836734692
0.14626530612244898	0.009387755102040816
0.14626530612244898	0.009795918367346938
0.14626530612244898	0.010204081632653062
0.14626530612244898	0.010612244897959184
0.14626530612244898	0.011020408163265308
0.14626530612244898	0.011428571428571429
0.14626530612244898	0.01183673469387755
0.14626530612244898	0.012244897959183675
0.14626530612244898	0.012653061224489797
0.14626530612244898	0.01306122448979592
0.14626530612244898	0.013469387755102043
0.14626530612244898	0.013877551020408165
0.14626530612244898	0.014285714285714287
0.14626530612244898	0.01469387755102041
0.14626530612244898	0.01510204081632653
0.14626530612244898	0.015510204081632653
0.14626530612244898	0.015918367346938776
0.14626530612244898	0.0163265306122449
0.14626530612244898	0.016734693877551023
0.14626530612244898	0.017142857142857144
0.14626530612244898	0.017551020408163264
0.14626530612244898	0.017959183673469388
0.14626530612244898	0.018367346938775512
0.14626530612244898	0.018775510204081632
0.14626530612244898	0.019183673469387756
0.14626530612244898	0.019591836734693877
0.14626530612244898	0.02
0.14696938775510204	0.0
0.14696938775510204	0.0004081632653061224
0.14696938775510204	0.0008163265306122448
0.14696938775510204	0.0012244897959183673
0.14696938775510204	0.0016326530612244896
0.14696938775510204	0.002040816326530612
0.14696938775510204	0.0024489795918367346
0.14696938775510204	0.002857142857142857
0.14696938775510204	0.0032653061224489793
0.14696938775510204	0.003673469387755102
0.14696938775510204	0.004081632653061224
0.14696938775510204	0.004489795918367346
0.14696938775510204	0.004897959183673469
0.14696938775510204	0.005306122448979591
0.14696938775510204	0.005714285714285714
0.14696938775510204	0.0061224489795918356
0.14696938775510204	0.0065306122448979586
0.14696938775510204	0.0069387755102040816
0.14696938775510204	0.007346938775510204
0.14696938775510204	0.007755102040816327
0.14696938775510204	0.008163265306122448
0.14696938775510204	0.008571428571428572
0.14696938775510204	0.008979591836734692
0.14696938775510204	0.009387755102040816
0.14696938775510204	0.009795918367346938
0.14696938775510204	0.010204081632653062
0.14696938775510204	0.010612244897959184
0.14696938775510204	0.011020408163265308
0.14696938775510204	0.011428571428571429
0.14696938775510204	0.01183673469387755
0.14696938775510204	0.012244897959183675
0.14696938775510204	0.012653061224489797
0.14696938775510204	0.01306122448979592
0.14696938775510204	0.013469387755102043
0.14696938775510204	0.013877551020408165
0.14696938775510204	0.014285714285714287
0.14696938775510204	0.01469387755102041
0.14696938775510204	0.01510204081632653
0.14696938775510204	0.015510204081632653
0.14696938775510204	0.015918367346938776
0.14696938775510204	0.0163265306122449
0.14696938775510204	0.016734693877551023
0.14696938775510204	0.017142857142857144
0.14696938775510204	0.017551020408163264
0.14696938775510204	0.017959183673469388
0.14696938775510204	0.018367346938775512
0.14696938775510204	0.018775510204081632
0.14696938775510204	0.019183673469387756
0.14696938775510204	0.019591836734693877
0.14696938775510204	0.02
0.1476734693877551	0.0
0.1476734693877551	0.0004081632653061224
0.1476734693877551	0.0008163265306122448
0.1476734693877551	0.0012244897959183673
0.1476734693877551	0.0016326530612244896
0.1476734693877551	0.002040816326530612
0.1476734693877551	0.0024489795918367346
0.1476734693877551	0.002857142857142857
0.1476734693877551	0.0032653061224489793
0.1476734693877551	0.003673469387755102
0.1476734693877551	0.004081632653061224
0.1476734693877551	0.004489795918367346
0.1476734693877551	0.004897959183673469
0.1476734693877551	0.005306122448979591
0.1476734693877551	0.005714285714285714
0.1476734693877551	0.0061224489795918356
0.1476734693877551	0.0065306122448979586
0.1476734693877551	0.0069387755102040816
0.1476734693877551	0.007346938775510204
0.1476734693877551	0.007755102040816327
0.1476734693877551	0.008163265306122448
0.1476734693877551	0.008571428571428572
0.1476734693877551	0.008979591836734692
0.1476734693877551	0.009387755102040816
0.1476734693877551	0.009795918367346938
0.1476734693877551	0.010204081632653062
0.1476734693877551	0.010612244897959184
0.1476734693877551	0.011020408163265308
0.1476734693877551	0.011428571428571429
0.1476734693877551	0.01183673469387755
0.1476734693877551	0.012244897959183675
0.1476734693877551	0.012653061224489797
0.1476734693877551	0.01306122448979592
0.1476734693877551	0.013469387755102043
0.1476734693877551	0.013877551020408165
0.1476734693877551	0.014285714285714287
0.1476734693877551	0.01469387755102041
0.1476734693877551	0.01510204081632653
0.1476734693877551	0.015510204081632653
0.1476734693877551	0.015918367346938776
0.1476734693877551	0.0163265306122449
0.1476734693877551	0.016734693877551023
0.1476734693877551	0.017142857142857144
0.1476734693877551	0.017551020408163264
0.1476734693877551	0.017959183673469388
0.1476734693877551	0.018367346938775512
0.1476734693877551	0.018775510204081632
0.1476734693877551	0.019183673469387756
0.1476734693877551	0.019591836734693877
0.1476734693877551	0.02
0.14837755102040817	0.0
0.14837755102040817	0.0004081632653061224
0.14837755102040817	0.0008163265306122448
0.14837755102040817	0.0012244897959183673
0.14837755102040817	0.0016326530612244896
0.14837755102040817	0.002040816326530612
0.14837755102040817	0.0024489795918367346
0.14837755102040817	0.002857142857142857
0.14837755102040817	0.0032653061224489793
0.14837755102040817	0.003673469387755102
0.14837755102040817	0.004081632653061224
0.14837755102040817	0.004489795918367346
0.14837755102040817	0.004897959183673469
0.14837755102040817	0.005306122448979591
0.14837755102040817	0.005714285714285714
0.14837755102040817	0.0061224489795918356
0.14837755102040817	0.0065306122448979586
0.14837755102040817	0.0069387755102040816
0.14837755102040817	0.007346938775510204
0.14837755102040817	0.007755102040816327
0.14837755102040817	0.008163265306122448
0.14837755102040817	0.008571428571428572
0.14837755102040817	0.008979591836734692
0.14837755102040817	0.009387755102040816
0.14837755102040817	0.009795918367346938
0.14837755102040817	0.010204081632653062
0.14837755102040817	0.010612244897959184
0.14837755102040817	0.011020408163265308
0.14837755102040817	0.011428571428571429
0.14837755102040817	0.01183673469387755
0.14837755102040817	0.012244897959183675
0.14837755102040817	0.012653061224489797
0.14837755102040817	0.01306122448979592
0.14837755102040817	0.013469387755102043
0.14837755102040817	0.013877551020408165
0.14837755102040817	0.014285714285714287
0.14837755102040817	0.01469387755102041
0.14837755102040817	0.01510204081632653
0.14837755102040817	0.015510204081632653
0.14837755102040817	0.015918367346938776
0.14837755102040817	0.0163265306122449
0.14837755102040817	0.016734693877551023
0.14837755102040817	0.017142857142857144
0.14837755102040817	0.017551020408163264
0.14837755102040817	0.017959183673469388
0.14837755102040817	0.018367346938775512
0.14837755102040817	0.018775510204081632
0.14837755102040817	0.019183673469387756
0.14837755102040817	0.019591836734693877
0.14837755102040817	0.02
0.14908163265306124	0.0
0.14908163265306124	0.0004081632653061224
0.14908163265306124	0.0008163265306122448
0.14908163265306124	0.0012244897959183673
0.14908163265306124	0.0016326530612244896
0.14908163265306124	0.002040816326530612
0.14908163265306124	0.0024489795918367346
0.14908163265306124	0.002857142857142857
0.14908163265306124	0.0032653061224489793
0.14908163265306124	0.003673469387755102
0.14908163265306124	0.004081632653061224
0.14908163265306124	0.004489795918367346
0.14908163265306124	0.004897959183673469
0.14908163265306124	0.005306122448979591
0.14908163265306124	0.005714285714285714
0.14908163265306124	0.0061224489795918356
0.14908163265306124	0.0065306122448979586
0.14908163265306124	0.0069387755102040816
0.14908163265306124	0.007346938775510204
0.14908163265306124	0.007755102040816327
0.14908163265306124	0.008163265306122448
0.14908163265306124	0.008571428571428572
0.14908163265306124	0.008979591836734692
0.14908163265306124	0.009387755102040816
0.14908163265306124	0.009795918367346938
0.14908163265306124	0.010204081632653062
0.14908163265306124	0.010612244897959184
0.14908163265306124	0.011020408163265308
0.14908163265306124	0.011428571428571429
0.14908163265306124	0.01183673469387755
0.14908163265306124	0.012244897959183675
0.14908163265306124	0.012653061224489797
0.14908163265306124	0.01306122448979592
0.14908163265306124	0.013469387755102043
0.14908163265306124	0.013877551020408165
0.14908163265306124	0.014285714285714287
0.14908163265306124	0.01469387755102041
0.14908163265306124	0.01510204081632653
0.14908163265306124	0.015510204081632653
0.14908163265306124	0.015918367346938776
0.14908163265306124	0.0163265306122449
0.14908163265306124	0.016734693877551023
0.14908163265306124	0.017142857142857144
0.14908163265306124	0.017551020408163264
0.14908163265306124	0.017959183673469388
0.14908163265306124	0.018367346938775512
0.14908163265306124	0.018775510204081632
0.14908163265306124	0.019183673469387756
0.14908163265306124	0.019591836734693877
0.14908163265306124	0.02
0.1497857142857143	0.0
0.1497857142857143	0.0004081632653061224
0.1497857142857143	0.0008163265306122448
0.1497857142857143	0.0012244897959183673
0.1497857142857143	0.0016326530612244896
0.1497857142857143	0.002040816326530612
0.1497857142857143	0.0024489795918367346
0.1497857142857143	0.002857142857142857
0.1497857142857143	0.0032653061224489793
0.1497857142857143	0.003673469387755102
0.1497857142857143	0.004081632653061224
0.1497857142857143	0.004489795918367346
0.1497857142857143	0.004897959183673469
0.1497857142857143	0.005306122448979591
0.1497857142857143	0.005714285714285714
0.1497857142857143	0.0061224489795918356
0.1497857142857143	0.0065306122448979586
0.1497857142857143	0.0069387755102040816
0.1497857142857143	0.007346938775510204
0.1497857142857143	0.007755102040816327
0.1497857142857143	0.008163265306122448
0.1497857142857143	0.008571428571428572
0.1497857142857143	0.008979591836734692
0.1497857142857143	0.009387755102040816
0.1497857142857143	0.009795918367346938
0.1497857142857143	0.010204081632653062
0.1497857142857143	0.010612244897959184
0.1497857142857143	0.011020408163265308
0.1497857142857143	0.011428571428571429
0.1497857142857143	0.01183673469387755
0.1497857142857143	0.012244897959183675
0.1497857142857143	0.012653061224489797
0.1497857142857143	0.01306122448979592
0.1497857142857143	0.013469387755102043
0.1497857142857143	0.013877551020408165
0.1497857142857143	0.014285714285714287
0.1497857142857143	0.01469387755102041
0.1497857142857143	0.01510204081632653
0.1497857142857143	0.015510204081632653
0.1497857142857143	0.015918367346938776
0.1497857142857143	0.0163265306122449
0.1497857142857143	0.016734693877551023
0.1497857142857143	0.017142857142857144
0.1497857142857143	0.017551020408163264
0.1497857142857143	0.017959183673469388
0.1497857142857143	0.018367346938775512
0.1497857142857143	0.018775510204081632
0.1497857142857143	0.019183673469387756
0.1497857142857143	0.019591836734693877
0.1497857142857143	0.02
0.15048979591836736	0.0
0.15048979591836736	0.0004081632653061224
0.15048979591836736	0.0008163265306122448
0.15048979591836736	0.0012244897959183673
0.15048979591836736	0.0016326530612244896
0.15048979591836736	0.002040816326530612
0.15048979591836736	0.0024489795918367346
0.15048979591836736	0.002857142857142857
0.15048979591836736	0.0032653061224489793
0.15048979591836736	0.003673469387755102
0.15048979591836736	0.004081632653061224
0.15048979591836736	0.004489795918367346
0.15048979591836736	0.004897959183673469
0.15048979591836736	0.005306122448979591
0.15048979591836736	0.005714285714285714
0.15048979591836736	0.0061224489795918356
0.15048979591836736	0.0065306122448979586
0.15048979591836736	0.0069387755102040816
0.15048979591836736	0.007346938775510204
0.15048979591836736	0.007755102040816327
0.15048979591836736	0.008163265306122448
0.15048979591836736	0.008571428571428572
0.15048979591836736	0.008979591836734692
0.15048979591836736	0.009387755102040816
0.15048979591836736	0.009795918367346938
0.15048979591836736	0.010204081632653062
0.15048979591836736	0.010612244897959184
0.15048979591836736	0.011020408163265308
0.15048979591836736	0.011428571428571429
0.15048979591836736	0.01183673469387755
0.15048979591836736	0.012244897959183675
0.15048979591836736	0.012653061224489797
0.15048979591836736	0.01306122448979592
0.15048979591836736	0.013469387755102043
0.15048979591836736	0.013877551020408165
0.15048979591836736	0.014285714285714287
0.15048979591836736	0.01469387755102041
0.15048979591836736	0.01510204081632653
0.15048979591836736	0.015510204081632653
0.15048979591836736	0.015918367346938776
0.15048979591836736	0.0163265306122449
0.15048979591836736	0.016734693877551023
0.15048979591836736	0.017142857142857144
0.15048979591836736	0.017551020408163264
0.15048979591836736	0.017959183673469388
0.15048979591836736	0.018367346938775512
0.15048979591836736	0.018775510204081632
0.15048979591836736	0.019183673469387756
0.15048979591836736	0.019591836734693877
0.15048979591836736	0.02
0.15119387755102043	0.0
0.15119387755102043	0.0004081632653061224
0.15119387755102043	0.0008163265306122448
0.15119387755102043	0.0012244897959183673
0.15119387755102043	0.0016326530612244896
0.15119387755102043	0.002040816326530612
0.15119387755102043	0.0024489795918367346
0.15119387755102043	0.002857142857142857
0.15119387755102043	0.0032653061224489793
0.15119387755102043	0.003673469387755102
0.15119387755102043	0.004081632653061224
0.15119387755102043	0.004489795918367346
0.15119387755102043	0.004897959183673469
0.15119387755102043	0.005306122448979591
0.15119387755102043	0.005714285714285714
0.15119387755102043	0.0061224489795918356
0.15119387755102043	0.0065306122448979586
0.15119387755102043	0.0069387755102040816
0.15119387755102043	0.007346938775510204
0.15119387755102043	0.007755102040816327
0.15119387755102043	0.008163265306122448
0.15119387755102043	0.008571428571428572
0.15119387755102043	0.008979591836734692
0.15119387755102043	0.009387755102040816
0.15119387755102043	0.009795918367346938
0.15119387755102043	0.010204081632653062
0.15119387755102043	0.010612244897959184
0.15119387755102043	0.011020408163265308
0.15119387755102043	0.011428571428571429
0.15119387755102043	0.01183673469387755
0.15119387755102043	0.012244897959183675
0.15119387755102043	0.012653061224489797
0.15119387755102043	0.01306122448979592
0.15119387755102043	0.013469387755102043
0.15119387755102043	0.013877551020408165
0.15119387755102043	0.014285714285714287
0.15119387755102043	0.01469387755102041
0.15119387755102043	0.01510204081632653
0.15119387755102043	0.015510204081632653
0.15119387755102043	0.015918367346938776
0.15119387755102043	0.0163265306122449
0.15119387755102043	0.016734693877551023
0.15119387755102043	0.017142857142857144
0.15119387755102043	0.017551020408163264
0.15119387755102043	0.017959183673469388
0.15119387755102043	0.018367346938775512
0.15119387755102043	0.018775510204081632
0.15119387755102043	0.019183673469387756
0.15119387755102043	0.019591836734693877
0.15119387755102043	0.02
0.1518979591836735	0.0
0.1518979591836735	0.0004081632653061224
0.1518979591836735	0.0008163265306122448
0.1518979591836735	0.0012244897959183673
0.1518979591836735	0.0016326530612244896
0.1518979591836735	0.002040816326530612
0.1518979591836735	0.0024489795918367346
0.1518979591836735	0.002857142857142857
0.1518979591836735	0.0032653061224489793
0.1518979591836735	0.003673469387755102
0.1518979591836735	0.004081632653061224
0.1518979591836735	0.004489795918367346
0.1518979591836735	0.004897959183673469
0.1518979591836735	0.005306122448979591
0.1518979591836735	0.005714285714285714
0.1518979591836735	0.0061224489795918356
0.1518979591836735	0.0065306122448979586
0.1518979591836735	0.0069387755102040816
0.1518979591836735	0.007346938775510204
0.1518979591836735	0.007755102040816327
0.1518979591836735	0.008163265306122448
0.1518979591836735	0.008571428571428572
0.1518979591836735	0.008979591836734692
0.1518979591836735	0.009387755102040816
0.1518979591836735	0.009795918367346938
0.1518979591836735	0.010204081632653062
0.1518979591836735	0.010612244897959184
0.1518979591836735	0.011020408163265308
0.1518979591836735	0.011428571428571429
0.1518979591836735	0.01183673469387755
0.1518979591836735	0.012244897959183675
0.1518979591836735	0.012653061224489797
0.1518979591836735	0.01306122448979592
0.1518979591836735	0.013469387755102043
0.1518979591836735	0.013877551020408165
0.1518979591836735	0.014285714285714287
0.1518979591836735	0.01469387755102041
0.1518979591836735	0.01510204081632653
0.1518979591836735	0.015510204081632653
0.1518979591836735	0.015918367346938776
0.1518979591836735	0.0163265306122449
0.1518979591836735	0.016734693877551023
0.1518979591836735	0.017142857142857144
0.1518979591836735	0.017551020408163264
0.1518979591836735	0.017959183673469388
0.1518979591836735	0.018367346938775512
0.1518979591836735	0.018775510204081632
0.1518979591836735	0.019183673469387756
0.1518979591836735	0.019591836734693877
0.1518979591836735	0.02
0.15260204081632656	0.0
0.15260204081632656	0.0004081632653061224
0.15260204081632656	0.0008163265306122448
0.15260204081632656	0.0012244897959183673
0.15260204081632656	0.0016326530612244896
0.15260204081632656	0.002040816326530612
0.15260204081632656	0.0024489795918367346
0.15260204081632656	0.002857142857142857
0.15260204081632656	0.0032653061224489793
0.15260204081632656	0.003673469387755102
0.15260204081632656	0.004081632653061224
0.15260204081632656	0.004489795918367346
0.15260204081632656	0.004897959183673469
0.15260204081632656	0.005306122448979591
0.15260204081632656	0.005714285714285714
0.15260204081632656	0.0061224489795918356
0.15260204081632656	0.0065306122448979586
0.15260204081632656	0.0069387755102040816
0.15260204081632656	0.007346938775510204
0.15260204081632656	0.007755102040816327
0.15260204081632656	0.008163265306122448
0.15260204081632656	0.008571428571428572
0.15260204081632656	0.008979591836734692
0.15260204081632656	0.009387755102040816
0.15260204081632656	0.009795918367346938
0.15260204081632656	0.010204081632653062
0.15260204081632656	0.010612244897959184
0.15260204081632656	0.011020408163265308
0.15260204081632656	0.011428571428571429
0.15260204081632656	0.01183673469387755
0.15260204081632656	0.012244897959183675
0.15260204081632656	0.012653061224489797
0.15260204081632656	0.01306122448979592
0.15260204081632656	0.013469387755102043
0.15260204081632656	0.013877551020408165
0.15260204081632656	0.014285714285714287
0.15260204081632656	0.01469387755102041
0.15260204081632656	0.01510204081632653
0.15260204081632656	0.015510204081632653
0.15260204081632656	0.015918367346938776
0.15260204081632656	0.0163265306122449
0.15260204081632656	0.016734693877551023
0.15260204081632656	0.017142857142857144
0.15260204081632656	0.017551020408163264
0.15260204081632656	0.017959183673469388
0.15260204081632656	0.018367346938775512
0.15260204081632656	0.018775510204081632
0.15260204081632656	0.019183673469387756
0.15260204081632656	0.019591836734693877
0.15260204081632656	0.02
0.1533061224489796	0.0
0.1533061224489796	0.0004081632653061224
0.1533061224489796	0.0008163265306122448
0.1533061224489796	0.0012244897959183673
0.1533061224489796	0.0016326530612244896
0.1533061224489796	0.002040816326530612
0.1533061224489796	0.0024489795918367346
0.1533061224489796	0.002857142857142857
0.1533061224489796	0.0032653061224489793
0.1533061224489796	0.003673469387755102
0.1533061224489796	0.004081632653061224
0.1533061224489796	0.004489795918367346
0.1533061224489796	0.004897959183673469
0.1533061224489796	0.005306122448979591
0.1533061224489796	0.005714285714285714
0.1533061224489796	0.0061224489795918356
0.1533061224489796	0.0065306122448979586
0.1533061224489796	0.0069387755102040816
0.1533061224489796	0.007346938775510204
0.1533061224489796	0.007755102040816327
0.1533061224489796	0.008163265306122448
0.1533061224489796	0.008571428571428572
0.1533061224489796	0.008979591836734692
0.1533061224489796	0.009387755102040816
0.1533061224489796	0.009795918367346938
0.1533061224489796	0.010204081632653062
0.1533061224489796	0.010612244897959184
0.1533061224489796	0.011020408163265308
0.1533061224489796	0.011428571428571429
0.1533061224489796	0.01183673469387755
0.1533061224489796	0.012244897959183675
0.1533061224489796	0.012653061224489797
0.1533061224489796	0.01306122448979592
0.1533061224489796	0.013469387755102043
0.1533061224489796	0.013877551020408165
0.1533061224489796	0.014285714285714287
0.1533061224489796	0.01469387755102041
0.1533061224489796	0.01510204081632653
0.1533061224489796	0.015510204081632653
0.1533061224489796	0.015918367346938776
0.1533061224489796	0.0163265306122449
0.1533061224489796	0.016734693877551023
0.1533061224489796	0.017142857142857144
0.1533061224489796	0.017551020408163264
0.1533061224489796	0.017959183673469388
0.1533061224489796	0.018367346938775512
0.1533061224489796	0.018775510204081632
0.1533061224489796	0.019183673469387756
0.1533061224489796	0.019591836734693877
0.1533061224489796	0.02
0.15401020408163266	0.0
0.15401020408163266	0.0004081632653061224
0.15401020408163266	0.0008163265306122448
0.15401020408163266	0.0012244897959183673
0.15401020408163266	0.0016326530612244896
0.15401020408163266	0.002040816326530612
0.15401020408163266	0.0024489795918367346
0.15401020408163266	0.002857142857142857
0.15401020408163266	0.0032653061224489793
0.15401020408163266	0.003673469387755102
0.15401020408163266	0.004081632653061224
0.15401020408163266	0.004489795918367346
0.15401020408163266	0.004897959183673469
0.15401020408163266	0.005306122448979591
0.15401020408163266	0.005714285714285714
0.15401020408163266	0.0061224489795918356
0.15401020408163266	0.0065306122448979586
0.15401020408163266	0.0069387755102040816
0.15401020408163266	0.007346938775510204
0.15401020408163266	0.007755102040816327
0.15401020408163266	0.008163265306122448
0.15401020408163266	0.008571428571428572
0.15401020408163266	0.008979591836734692
0.15401020408163266	0.009387755102040816
0.15401020408163266	0.009795918367346938
0.15401020408163266	0.010204081632653062
0.15401020408163266	0.010612244897959184
0.15401020408163266	0.011020408163265308
0.15401020408163266	0.011428571428571429
0.15401020408163266	0.01183673469387755
0.15401020408163266	0.012244897959183675
0.15401020408163266	0.012653061224489797
0.15401020408163266	0.01306122448979592
0.15401020408163266	0.013469387755102043
0.15401020408163266	0.013877551020408165
0.15401020408163266	0.014285714285714287
0.15401020408163266	0.01469387755102041
0.15401020408163266	0.01510204081632653
0.15401020408163266	0.015510204081632653
0.15401020408163266	0.015918367346938776
0.15401020408163266	0.0163265306122449
0.15401020408163266	0.016734693877551023
0.15401020408163266	0.017142857142857144
0.15401020408163266	0.017551020408163264
0.15401020408163266	0.017959183673469388
0.15401020408163266	0.018367346938775512
0.15401020408163266	0.018775510204081632
0.15401020408163266	0.019183673469387756
0.15401020408163266	0.019591836734693877
0.15401020408163266	0.02
0.15471428571428572	0.0
0.15471428571428572	0.0004081632653061224
0.15471428571428572	0.0008163265306122448
0.15471428571428572	0.0012244897959183673
0.15471428571428572	0.0016326530612244896
0.15471428571428572	0.002040816326530612
0.15471428571428572	0.0024489795918367346
0.15471428571428572	0.002857142857142857
0.15471428571428572	0.0032653061224489793
0.15471428571428572	0.003673469387755102
0.15471428571428572	0.004081632653061224
0.15471428571428572	0.004489795918367346
0.15471428571428572	0.004897959183673469
0.15471428571428572	0.005306122448979591
0.15471428571428572	0.005714285714285714
0.15471428571428572	0.0061224489795918356
0.15471428571428572	0.0065306122448979586
0.15471428571428572	0.0069387755102040816
0.15471428571428572	0.007346938775510204
0.15471428571428572	0.007755102040816327
0.15471428571428572	0.008163265306122448
0.15471428571428572	0.008571428571428572
0.15471428571428572	0.008979591836734692
0.15471428571428572	0.009387755102040816
0.15471428571428572	0.009795918367346938
0.15471428571428572	0.010204081632653062
0.15471428571428572	0.010612244897959184
0.15471428571428572	0.011020408163265308
0.15471428571428572	0.011428571428571429
0.15471428571428572	0.01183673469387755
0.15471428571428572	0.012244897959183675
0.15471428571428572	0.012653061224489797
0.15471428571428572	0.01306122448979592
0.15471428571428572	0.013469387755102043
0.15471428571428572	0.013877551020408165
0.15471428571428572	0.014285714285714287
0.15471428571428572	0.01469387755102041
0.15471428571428572	0.01510204081632653
0.15471428571428572	0.015510204081632653
0.15471428571428572	0.015918367346938776
0.15471428571428572	0.0163265306122449
0.15471428571428572	0.016734693877551023
0.15471428571428572	0.017142857142857144
0.15471428571428572	0.017551020408163264
0.15471428571428572	0.017959183673469388
0.15471428571428572	0.018367346938775512
0.15471428571428572	0.018775510204081632
0.15471428571428572	0.019183673469387756
0.15471428571428572	0.019591836734693877
0.15471428571428572	0.02
0.15541836734693878	0.0
0.15541836734693878	0.0004081632653061224
0.15541836734693878	0.0008163265306122448
0.15541836734693878	0.0012244897959183673
0.15541836734693878	0.0016326530612244896
0.15541836734693878	0.002040816326530612
0.15541836734693878	0.0024489795918367346
0.15541836734693878	0.002857142857142857
0.15541836734693878	0.0032653061224489793
0.15541836734693878	0.003673469387755102
0.15541836734693878	0.004081632653061224
0.15541836734693878	0.004489795918367346
0.15541836734693878	0.004897959183673469
0.15541836734693878	0.005306122448979591
0.15541836734693878	0.005714285714285714
0.15541836734693878	0.0061224489795918356
0.15541836734693878	0.0065306122448979586
0.15541836734693878	0.0069387755102040816
0.15541836734693878	0.007346938775510204
0.15541836734693878	0.007755102040816327
0.15541836734693878	0.008163265306122448
0.15541836734693878	0.008571428571428572
0.15541836734693878	0.008979591836734692
0.15541836734693878	0.009387755102040816
0.15541836734693878	0.009795918367346938
0.15541836734693878	0.010204081632653062
0.15541836734693878	0.010612244897959184
0.15541836734693878	0.011020408163265308
0.15541836734693878	0.011428571428571429
0.15541836734693878	0.01183673469387755
0.15541836734693878	0.012244897959183675
0.15541836734693878	0.012653061224489797
0.15541836734693878	0.01306122448979592
0.15541836734693878	0.013469387755102043
0.15541836734693878	0.013877551020408165
0.15541836734693878	0.014285714285714287
0.15541836734693878	0.01469387755102041
0.15541836734693878	0.01510204081632653
0.15541836734693878	0.015510204081632653
0.15541836734693878	0.015918367346938776
0.15541836734693878	0.0163265306122449
0.15541836734693878	0.016734693877551023
0.15541836734693878	0.017142857142857144
0.15541836734693878	0.017551020408163264
0.15541836734693878	0.017959183673469388
0.15541836734693878	0.018367346938775512
0.15541836734693878	0.018775510204081632
0.15541836734693878	0.019183673469387756
0.15541836734693878	0.019591836734693877
0.15541836734693878	0.02
0.15612244897959185	0.0
0.15612244897959185	0.0004081632653061224
0.15612244897959185	0.0008163265306122448
0.15612244897959185	0.0012244897959183673
0.15612244897959185	0.0016326530612244896
0.15612244897959185	0.002040816326530612
0.15612244897959185	0.0024489795918367346
0.15612244897959185	0.002857142857142857
0.15612244897959185	0.0032653061224489793
0.15612244897959185	0.003673469387755102
0.15612244897959185	0.004081632653061224
0.15612244897959185	0.004489795918367346
0.15612244897959185	0.004897959183673469
0.15612244897959185	0.005306122448979591
0.15612244897959185	0.005714285714285714
0.15612244897959185	0.0061224489795918356
0.15612244897959185	0.0065306122448979586
0.15612244897959185	0.0069387755102040816
0.15612244897959185	0.007346938775510204
0.15612244897959185	0.007755102040816327
0.15612244897959185	0.008163265306122448
0.15612244897959185	0.008571428571428572
0.15612244897959185	0.008979591836734692
0.15612244897959185	0.009387755102040816
0.15612244897959185	0.009795918367346938
0.15612244897959185	0.010204081632653062
0.15612244897959185	0.010612244897959184
0.15612244897959185	0.011020408163265308
0.15612244897959185	0.011428571428571429
0.15612244897959185	0.01183673469387755
0.15612244897959185	0.012244897959183675
0.15612244897959185	0.012653061224489797
0.15612244897959185	0.01306122448979592
0.15612244897959185	0.013469387755102043
0.15612244897959185	0.013877551020408165
0.15612244897959185	0.014285714285714287
0.15612244897959185	0.01469387755102041
0.15612244897959185	0.01510204081632653
0.15612244897959185	0.015510204081632653
0.15612244897959185	0.015918367346938776
0.15612244897959185	0.0163265306122449
0.15612244897959185	0.016734693877551023
0.15612244897959185	0.017142857142857144
0.15612244897959185	0.017551020408163264
0.15612244897959185	0.017959183673469388
0.15612244897959185	0.018367346938775512
0.15612244897959185	0.018775510204081632
0.15612244897959185	0.019183673469387756
0.15612244897959185	0.019591836734693877
0.15612244897959185	0.02
0.1568265306122449	0.0
0.1568265306122449	0.0004081632653061224
0.1568265306122449	0.0008163265306122448
0.1568265306122449	0.0012244897959183673
0.1568265306122449	0.0016326530612244896
0.1568265306122449	0.002040816326530612
0.1568265306122449	0.0024489795918367346
0.1568265306122449	0.002857142857142857
0.1568265306122449	0.0032653061224489793
0.1568265306122449	0.003673469387755102
0.1568265306122449	0.004081632653061224
0.1568265306122449	0.004489795918367346
0.1568265306122449	0.004897959183673469
0.1568265306122449	0.005306122448979591
0.1568265306122449	0.005714285714285714
0.1568265306122449	0.0061224489795918356
0.1568265306122449	0.0065306122448979586
0.1568265306122449	0.0069387755102040816
0.1568265306122449	0.007346938775510204
0.1568265306122449	0.007755102040816327
0.1568265306122449	0.008163265306122448
0.1568265306122449	0.008571428571428572
0.1568265306122449	0.008979591836734692
0.1568265306122449	0.009387755102040816
0.1568265306122449	0.009795918367346938
0.1568265306122449	0.010204081632653062
0.1568265306122449	0.010612244897959184
0.1568265306122449	0.011020408163265308
0.1568265306122449	0.011428571428571429
0.1568265306122449	0.01183673469387755
0.1568265306122449	0.012244897959183675
0.1568265306122449	0.012653061224489797
0.1568265306122449	0.01306122448979592
0.1568265306122449	0.013469387755102043
0.1568265306122449	0.013877551020408165
0.1568265306122449	0.014285714285714287
0.1568265306122449	0.01469387755102041
0.1568265306122449	0.01510204081632653
0.1568265306122449	0.015510204081632653
0.1568265306122449	0.015918367346938776
0.1568265306122449	0.0163265306122449
0.1568265306122449	0.016734693877551023
0.1568265306122449	0.017142857142857144
0.1568265306122449	0.017551020408163264
0.1568265306122449	0.017959183673469388
0.1568265306122449	0.018367346938775512
0.1568265306122449	0.018775510204081632
0.1568265306122449	0.019183673469387756
0.1568265306122449	0.019591836734693877
0.1568265306122449	0.02
0.15753061224489798	0.0
0.15753061224489798	0.0004081632653061224
0.15753061224489798	0.0008163265306122448
0.15753061224489798	0.0012244897959183673
0.15753061224489798	0.0016326530612244896
0.15753061224489798	0.002040816326530612
0.15753061224489798	0.0024489795918367346
0.15753061224489798	0.002857142857142857
0.15753061224489798	0.0032653061224489793
0.15753061224489798	0.003673469387755102
0.15753061224489798	0.004081632653061224
0.15753061224489798	0.004489795918367346
0.15753061224489798	0.004897959183673469
0.15753061224489798	0.005306122448979591
0.15753061224489798	0.005714285714285714
0.15753061224489798	0.0061224489795918356
0.15753061224489798	0.0065306122448979586
0.15753061224489798	0.0069387755102040816
0.15753061224489798	0.007346938775510204
0.15753061224489798	0.007755102040816327
0.15753061224489798	0.008163265306122448
0.15753061224489798	0.008571428571428572
0.15753061224489798	0.008979591836734692
0.15753061224489798	0.009387755102040816
0.15753061224489798	0.009795918367346938
0.15753061224489798	0.010204081632653062
0.15753061224489798	0.010612244897959184
0.15753061224489798	0.011020408163265308
0.15753061224489798	0.011428571428571429
0.15753061224489798	0.01183673469387755
0.15753061224489798	0.012244897959183675
0.15753061224489798	0.012653061224489797
0.15753061224489798	0.01306122448979592
0.15753061224489798	0.013469387755102043
0.15753061224489798	0.013877551020408165
0.15753061224489798	0.014285714285714287
0.15753061224489798	0.01469387755102041
0.15753061224489798	0.01510204081632653
0.15753061224489798	0.015510204081632653
0.15753061224489798	0.015918367346938776
0.15753061224489798	0.0163265306122449
0.15753061224489798	0.016734693877551023
0.15753061224489798	0.017142857142857144
0.15753061224489798	0.017551020408163264
0.15753061224489798	0.017959183673469388
0.15753061224489798	0.018367346938775512
0.15753061224489798	0.018775510204081632
0.15753061224489798	0.019183673469387756
0.15753061224489798	0.019591836734693877
0.15753061224489798	0.02
0.15823469387755104	0.0
0.15823469387755104	0.0004081632653061224
0.15823469387755104	0.0008163265306122448
0.15823469387755104	0.0012244897959183673
0.15823469387755104	0.0016326530612244896
0.15823469387755104	0.002040816326530612
0.15823469387755104	0.0024489795918367346
0.15823469387755104	0.002857142857142857
0.15823469387755104	0.0032653061224489793
0.15823469387755104	0.003673469387755102
0.15823469387755104	0.004081632653061224
0.15823469387755104	0.004489795918367346
0.15823469387755104	0.004897959183673469
0.15823469387755104	0.005306122448979591
0.15823469387755104	0.005714285714285714
0.15823469387755104	0.0061224489795918356
0.15823469387755104	0.0065306122448979586
0.15823469387755104	0.0069387755102040816
0.15823469387755104	0.007346938775510204
0.15823469387755104	0.007755102040816327
0.15823469387755104	0.008163265306122448
0.15823469387755104	0.008571428571428572
0.15823469387755104	0.008979591836734692
0.15823469387755104	0.009387755102040816
0.15823469387755104	0.009795918367346938
0.15823469387755104	0.010204081632653062
0.15823469387755104	0.010612244897959184
0.15823469387755104	0.011020408163265308
0.15823469387755104	0.011428571428571429
0.15823469387755104	0.01183673469387755
0.15823469387755104	0.012244897959183675
0.15823469387755104	0.012653061224489797
0.15823469387755104	0.01306122448979592
0.15823469387755104	0.013469387755102043
0.15823469387755104	0.013877551020408165
0.15823469387755104	0.014285714285714287
0.15823469387755104	0.01469387755102041
0.15823469387755104	0.01510204081632653
0.15823469387755104	0.015510204081632653
0.15823469387755104	0.015918367346938776
0.15823469387755104	0.0163265306122449
0.15823469387755104	0.016734693877551023
0.15823469387755104	0.017142857142857144
0.15823469387755104	0.017551020408163264
0.15823469387755104	0.017959183673469388
0.15823469387755104	0.018367346938775512
0.15823469387755104	0.018775510204081632
0.15823469387755104	0.019183673469387756
0.15823469387755104	0.019591836734693877
0.15823469387755104	0.02
0.1589387755102041	0.0
0.1589387755102041	0.0004081632653061224
0.1589387755102041	0.0008163265306122448
0.1589387755102041	0.0012244897959183673
0.1589387755102041	0.0016326530612244896
0.1589387755102041	0.002040816326530612
0.1589387755102041	0.0024489795918367346
0.1589387755102041	0.002857142857142857
0.1589387755102041	0.0032653061224489793
0.1589387755102041	0.003673469387755102
0.1589387755102041	0.004081632653061224
0.1589387755102041	0.004489795918367346
0.1589387755102041	0.004897959183673469
0.1589387755102041	0.005306122448979591
0.1589387755102041	0.005714285714285714
0.1589387755102041	0.0061224489795918356
0.1589387755102041	0.0065306122448979586
0.1589387755102041	0.0069387755102040816
0.1589387755102041	0.007346938775510204
0.1589387755102041	0.007755102040816327
0.1589387755102041	0.008163265306122448
0.1589387755102041	0.008571428571428572
0.1589387755102041	0.008979591836734692
0.1589387755102041	0.009387755102040816
0.1589387755102041	0.009795918367346938
0.1589387755102041	0.010204081632653062
0.1589387755102041	0.010612244897959184
0.1589387755102041	0.011020408163265308
0.1589387755102041	0.011428571428571429
0.1589387755102041	0.01183673469387755
0.1589387755102041	0.012244897959183675
0.1589387755102041	0.012653061224489797
0.1589387755102041	0.01306122448979592
0.1589387755102041	0.013469387755102043
0.1589387755102041	0.013877551020408165
0.1589387755102041	0.014285714285714287
0.1589387755102041	0.01469387755102041
0.1589387755102041	0.01510204081632653
0.1589387755102041	0.015510204081632653
0.1589387755102041	0.015918367346938776
0.1589387755102041	0.0163265306122449
0.1589387755102041	0.016734693877551023
0.1589387755102041	0.017142857142857144
0.1589387755102041	0.017551020408163264
0.1589387755102041	0.017959183673469388
0.1589387755102041	0.018367346938775512
0.1589387755102041	0.018775510204081632
0.1589387755102041	0.019183673469387756
0.1589387755102041	0.019591836734693877
0.1589387755102041	0.02
0.15964285714285714	0.0
0.15964285714285714	0.0004081632653061224
0.15964285714285714	0.0008163265306122448
0.15964285714285714	0.0012244897959183673
0.15964285714285714	0.0016326530612244896
0.15964285714285714	0.002040816326530612
0.15964285714285714	0.0024489795918367346
0.15964285714285714	0.002857142857142857
0.15964285714285714	0.0032653061224489793
0.15964285714285714	0.003673469387755102
0.15964285714285714	0.004081632653061224
0.15964285714285714	0.004489795918367346
0.15964285714285714	0.004897959183673469
0.15964285714285714	0.005306122448979591
0.15964285714285714	0.005714285714285714
0.15964285714285714	0.0061224489795918356
0.15964285714285714	0.0065306122448979586
0.15964285714285714	0.0069387755102040816
0.15964285714285714	0.007346938775510204
0.15964285714285714	0.007755102040816327
0.15964285714285714	0.008163265306122448
0.15964285714285714	0.008571428571428572
0.15964285714285714	0.008979591836734692
0.15964285714285714	0.009387755102040816
0.15964285714285714	0.009795918367346938
0.15964285714285714	0.010204081632653062
0.15964285714285714	0.010612244897959184
0.15964285714285714	0.011020408163265308
0.15964285714285714	0.011428571428571429
0.15964285714285714	0.01183673469387755
0.15964285714285714	0.012244897959183675
0.15964285714285714	0.012653061224489797
0.15964285714285714	0.01306122448979592
0.15964285714285714	0.013469387755102043
0.15964285714285714	0.013877551020408165
0.15964285714285714	0.014285714285714287
0.15964285714285714	0.01469387755102041
0.15964285714285714	0.01510204081632653
0.15964285714285714	0.015510204081632653
0.15964285714285714	0.015918367346938776
0.15964285714285714	0.0163265306122449
0.15964285714285714	0.016734693877551023
0.15964285714285714	0.017142857142857144
0.15964285714285714	0.017551020408163264
0.15964285714285714	0.017959183673469388
0.15964285714285714	0.018367346938775512
0.15964285714285714	0.018775510204081632
0.15964285714285714	0.019183673469387756
0.15964285714285714	0.019591836734693877
0.15964285714285714	0.02
0.1603469387755102	0.0
0.1603469387755102	0.0004081632653061224
0.1603469387755102	0.0008163265306122448
0.1603469387755102	0.0012244897959183673
0.1603469387755102	0.0016326530612244896
0.1603469387755102	0.002040816326530612
0.1603469387755102	0.0024489795918367346
0.1603469387755102	0.002857142857142857
0.1603469387755102	0.0032653061224489793
0.1603469387755102	0.003673469387755102
0.1603469387755102	0.004081632653061224
0.1603469387755102	0.004489795918367346
0.1603469387755102	0.004897959183673469
0.1603469387755102	0.005306122448979591
0.1603469387755102	0.005714285714285714
0.1603469387755102	0.0061224489795918356
0.1603469387755102	0.0065306122448979586
0.1603469387755102	0.0069387755102040816
0.1603469387755102	0.007346938775510204
0.1603469387755102	0.007755102040816327
0.1603469387755102	0.008163265306122448
0.1603469387755102	0.008571428571428572
0.1603469387755102	0.008979591836734692
0.1603469387755102	0.009387755102040816
0.1603469387755102	0.009795918367346938
0.1603469387755102	0.010204081632653062
0.1603469387755102	0.010612244897959184
0.1603469387755102	0.011020408163265308
0.1603469387755102	0.011428571428571429
0.1603469387755102	0.01183673469387755
0.1603469387755102	0.012244897959183675
0.1603469387755102	0.012653061224489797
0.1603469387755102	0.01306122448979592
0.1603469387755102	0.013469387755102043
0.1603469387755102	0.013877551020408165
0.1603469387755102	0.014285714285714287
0.1603469387755102	0.01469387755102041
0.1603469387755102	0.01510204081632653
0.1603469387755102	0.015510204081632653
0.1603469387755102	0.015918367346938776
0.1603469387755102	0.0163265306122449
0.1603469387755102	0.016734693877551023
0.1603469387755102	0.017142857142857144
0.1603469387755102	0.017551020408163264
0.1603469387755102	0.017959183673469388
0.1603469387755102	0.018367346938775512
0.1603469387755102	0.018775510204081632
0.1603469387755102	0.019183673469387756
0.1603469387755102	0.019591836734693877
0.1603469387755102	0.02
0.16105102040816327	0.0
0.16105102040816327	0.0004081632653061224
0.16105102040816327	0.0008163265306122448
0.16105102040816327	0.0012244897959183673
0.16105102040816327	0.0016326530612244896
0.16105102040816327	0.002040816326530612
0.16105102040816327	0.0024489795918367346
0.16105102040816327	0.002857142857142857
0.16105102040816327	0.0032653061224489793
0.16105102040816327	0.003673469387755102
0.16105102040816327	0.004081632653061224
0.16105102040816327	0.004489795918367346
0.16105102040816327	0.004897959183673469
0.16105102040816327	0.005306122448979591
0.16105102040816327	0.005714285714285714
0.16105102040816327	0.0061224489795918356
0.16105102040816327	0.0065306122448979586
0.16105102040816327	0.0069387755102040816
0.16105102040816327	0.007346938775510204
0.16105102040816327	0.007755102040816327
0.16105102040816327	0.008163265306122448
0.16105102040816327	0.008571428571428572
0.16105102040816327	0.008979591836734692
0.16105102040816327	0.009387755102040816
0.16105102040816327	0.009795918367346938
0.16105102040816327	0.010204081632653062
0.16105102040816327	0.010612244897959184
0.16105102040816327	0.011020408163265308
0.16105102040816327	0.011428571428571429
0.16105102040816327	0.01183673469387755
0.16105102040816327	0.012244897959183675
0.16105102040816327	0.012653061224489797
0.16105102040816327	0.01306122448979592
0.16105102040816327	0.013469387755102043
0.16105102040816327	0.013877551020408165
0.16105102040816327	0.014285714285714287
0.16105102040816327	0.01469387755102041
0.16105102040816327	0.01510204081632653
0.16105102040816327	0.015510204081632653
0.16105102040816327	0.015918367346938776
0.16105102040816327	0.0163265306122449
0.16105102040816327	0.016734693877551023
0.16105102040816327	0.017142857142857144
0.16105102040816327	0.017551020408163264
0.16105102040816327	0.017959183673469388
0.16105102040816327	0.018367346938775512
0.16105102040816327	0.018775510204081632
0.16105102040816327	0.019183673469387756
0.16105102040816327	0.019591836734693877
0.16105102040816327	0.02
0.16175510204081633	0.0
0.16175510204081633	0.0004081632653061224
0.16175510204081633	0.0008163265306122448
0.16175510204081633	0.0012244897959183673
0.16175510204081633	0.0016326530612244896
0.16175510204081633	0.002040816326530612
0.16175510204081633	0.0024489795918367346
0.16175510204081633	0.002857142857142857
0.16175510204081633	0.0032653061224489793
0.16175510204081633	0.003673469387755102
0.16175510204081633	0.004081632653061224
0.16175510204081633	0.004489795918367346
0.16175510204081633	0.004897959183673469
0.16175510204081633	0.005306122448979591
0.16175510204081633	0.005714285714285714
0.16175510204081633	0.0061224489795918356
0.16175510204081633	0.0065306122448979586
0.16175510204081633	0.0069387755102040816
0.16175510204081633	0.007346938775510204
0.16175510204081633	0.007755102040816327
0.16175510204081633	0.008163265306122448
0.16175510204081633	0.008571428571428572
0.16175510204081633	0.008979591836734692
0.16175510204081633	0.009387755102040816
0.16175510204081633	0.009795918367346938
0.16175510204081633	0.010204081632653062
0.16175510204081633	0.010612244897959184
0.16175510204081633	0.011020408163265308
0.16175510204081633	0.011428571428571429
0.16175510204081633	0.01183673469387755
0.16175510204081633	0.012244897959183675
0.16175510204081633	0.012653061224489797
0.16175510204081633	0.01306122448979592
0.16175510204081633	0.013469387755102043
0.16175510204081633	0.013877551020408165
0.16175510204081633	0.014285714285714287
0.16175510204081633	0.01469387755102041
0.16175510204081633	0.01510204081632653
0.16175510204081633	0.015510204081632653
0.16175510204081633	0.015918367346938776
0.16175510204081633	0.0163265306122449
0.16175510204081633	0.016734693877551023
0.16175510204081633	0.017142857142857144
0.16175510204081633	0.017551020408163264
0.16175510204081633	0.017959183673469388
0.16175510204081633	0.018367346938775512
0.16175510204081633	0.018775510204081632
0.16175510204081633	0.019183673469387756
0.16175510204081633	0.019591836734693877
0.16175510204081633	0.02
0.1624591836734694	0.0
0.1624591836734694	0.0004081632653061224
0.1624591836734694	0.0008163265306122448
0.1624591836734694	0.0012244897959183673
0.1624591836734694	0.0016326530612244896
0.1624591836734694	0.002040816326530612
0.1624591836734694	0.0024489795918367346
0.1624591836734694	0.002857142857142857
0.1624591836734694	0.0032653061224489793
0.1624591836734694	0.003673469387755102
0.1624591836734694	0.004081632653061224
0.1624591836734694	0.004489795918367346
0.1624591836734694	0.004897959183673469
0.1624591836734694	0.005306122448979591
0.1624591836734694	0.005714285714285714
0.1624591836734694	0.0061224489795918356
0.1624591836734694	0.0065306122448979586
0.1624591836734694	0.0069387755102040816
0.1624591836734694	0.007346938775510204
0.1624591836734694	0.007755102040816327
0.1624591836734694	0.008163265306122448
0.1624591836734694	0.008571428571428572
0.1624591836734694	0.008979591836734692
0.1624591836734694	0.009387755102040816
0.1624591836734694	0.009795918367346938
0.1624591836734694	0.010204081632653062
0.1624591836734694	0.010612244897959184
0.1624591836734694	0.011020408163265308
0.1624591836734694	0.011428571428571429
0.1624591836734694	0.01183673469387755
0.1624591836734694	0.012244897959183675
0.1624591836734694	0.012653061224489797
0.1624591836734694	0.01306122448979592
0.1624591836734694	0.013469387755102043
0.1624591836734694	0.013877551020408165
0.1624591836734694	0.014285714285714287
0.1624591836734694	0.01469387755102041
0.1624591836734694	0.01510204081632653
0.1624591836734694	0.015510204081632653
0.1624591836734694	0.015918367346938776
0.1624591836734694	0.0163265306122449
0.1624591836734694	0.016734693877551023
0.1624591836734694	0.017142857142857144
0.1624591836734694	0.017551020408163264
0.1624591836734694	0.017959183673469388
0.1624591836734694	0.018367346938775512
0.1624591836734694	0.018775510204081632
0.1624591836734694	0.019183673469387756
0.1624591836734694	0.019591836734693877
0.1624591836734694	0.02
0.16316326530612246	0.0
0.16316326530612246	0.0004081632653061224
0.16316326530612246	0.0008163265306122448
0.16316326530612246	0.0012244897959183673
0.16316326530612246	0.0016326530612244896
0.16316326530612246	0.002040816326530612
0.16316326530612246	0.0024489795918367346
0.16316326530612246	0.002857142857142857
0.16316326530612246	0.0032653061224489793
0.16316326530612246	0.003673469387755102
0.16316326530612246	0.004081632653061224
0.16316326530612246	0.004489795918367346
0.16316326530612246	0.004897959183673469
0.16316326530612246	0.005306122448979591
0.16316326530612246	0.005714285714285714
0.16316326530612246	0.0061224489795918356
0.16316326530612246	0.0065306122448979586
0.16316326530612246	0.0069387755102040816
0.16316326530612246	0.007346938775510204
0.16316326530612246	0.007755102040816327
0.16316326530612246	0.008163265306122448
0.16316326530612246	0.008571428571428572
0.16316326530612246	0.008979591836734692
0.16316326530612246	0.009387755102040816
0.16316326530612246	0.009795918367346938
0.16316326530612246	0.010204081632653062
0.16316326530612246	0.010612244897959184
0.16316326530612246	0.011020408163265308
0.16316326530612246	0.011428571428571429
0.16316326530612246	0.01183673469387755
0.16316326530612246	0.012244897959183675
0.16316326530612246	0.012653061224489797
0.16316326530612246	0.01306122448979592
0.16316326530612246	0.013469387755102043
0.16316326530612246	0.013877551020408165
0.16316326530612246	0.014285714285714287
0.16316326530612246	0.01469387755102041
0.16316326530612246	0.01510204081632653
0.16316326530612246	0.015510204081632653
0.16316326530612246	0.015918367346938776
0.16316326530612246	0.0163265306122449
0.16316326530612246	0.016734693877551023
0.16316326530612246	0.017142857142857144
0.16316326530612246	0.017551020408163264
0.16316326530612246	0.017959183673469388
0.16316326530612246	0.018367346938775512
0.16316326530612246	0.018775510204081632
0.16316326530612246	0.019183673469387756
0.16316326530612246	0.019591836734693877
0.16316326530612246	0.02
0.16386734693877553	0.0
0.16386734693877553	0.0004081632653061224
0.16386734693877553	0.0008163265306122448
0.16386734693877553	0.0012244897959183673
0.16386734693877553	0.0016326530612244896
0.16386734693877553	0.002040816326530612
0.16386734693877553	0.0024489795918367346
0.16386734693877553	0.002857142857142857
0.16386734693877553	0.0032653061224489793
0.16386734693877553	0.003673469387755102
0.16386734693877553	0.004081632653061224
0.16386734693877553	0.004489795918367346
0.16386734693877553	0.004897959183673469
0.16386734693877553	0.005306122448979591
0.16386734693877553	0.005714285714285714
0.16386734693877553	0.0061224489795918356
0.16386734693877553	0.0065306122448979586
0.16386734693877553	0.0069387755102040816
0.16386734693877553	0.007346938775510204
0.16386734693877553	0.007755102040816327
0.16386734693877553	0.008163265306122448
0.16386734693877553	0.008571428571428572
0.16386734693877553	0.008979591836734692
0.16386734693877553	0.009387755102040816
0.16386734693877553	0.009795918367346938
0.16386734693877553	0.010204081632653062
0.16386734693877553	0.010612244897959184
0.16386734693877553	0.011020408163265308
0.16386734693877553	0.011428571428571429
0.16386734693877553	0.01183673469387755
0.16386734693877553	0.012244897959183675
0.16386734693877553	0.012653061224489797
0.16386734693877553	0.01306122448979592
0.16386734693877553	0.013469387755102043
0.16386734693877553	0.013877551020408165
0.16386734693877553	0.014285714285714287
0.16386734693877553	0.01469387755102041
0.16386734693877553	0.01510204081632653
0.16386734693877553	0.015510204081632653
0.16386734693877553	0.015918367346938776
0.16386734693877553	0.0163265306122449
0.16386734693877553	0.016734693877551023
0.16386734693877553	0.017142857142857144
0.16386734693877553	0.017551020408163264
0.16386734693877553	0.017959183673469388
0.16386734693877553	0.018367346938775512
0.16386734693877553	0.018775510204081632
0.16386734693877553	0.019183673469387756
0.16386734693877553	0.019591836734693877
0.16386734693877553	0.02
0.1645714285714286	0.0
0.1645714285714286	0.0004081632653061224
0.1645714285714286	0.0008163265306122448
0.1645714285714286	0.0012244897959183673
0.1645714285714286	0.0016326530612244896
0.1645714285714286	0.002040816326530612
0.1645714285714286	0.0024489795918367346
0.1645714285714286	0.002857142857142857
0.1645714285714286	0.0032653061224489793
0.1645714285714286	0.003673469387755102
0.1645714285714286	0.004081632653061224
0.1645714285714286	0.004489795918367346
0.1645714285714286	0.004897959183673469
0.1645714285714286	0.005306122448979591
0.1645714285714286	0.005714285714285714
0.1645714285714286	0.0061224489795918356
0.1645714285714286	0.0065306122448979586
0.1645714285714286	0.0069387755102040816
0.1645714285714286	0.007346938775510204
0.1645714285714286	0.007755102040816327
0.1645714285714286	0.008163265306122448
0.1645714285714286	0.008571428571428572
0.1645714285714286	0.008979591836734692
0.1645714285714286	0.009387755102040816
0.1645714285714286	0.009795918367346938
0.1645714285714286	0.010204081632653062
0.1645714285714286	0.010612244897959184
0.1645714285714286	0.011020408163265308
0.1645714285714286	0.011428571428571429
0.1645714285714286	0.01183673469387755
0.1645714285714286	0.012244897959183675
0.1645714285714286	0.012653061224489797
0.1645714285714286	0.01306122448979592
0.1645714285714286	0.013469387755102043
0.1645714285714286	0.013877551020408165
0.1645714285714286	0.014285714285714287
0.1645714285714286	0.01469387755102041
0.1645714285714286	0.01510204081632653
0.1645714285714286	0.015510204081632653
0.1645714285714286	0.015918367346938776
0.1645714285714286	0.0163265306122449
0.1645714285714286	0.016734693877551023
0.1645714285714286	0.017142857142857144
0.1645714285714286	0.017551020408163264
0.1645714285714286	0.017959183673469388
0.1645714285714286	0.018367346938775512
0.1645714285714286	0.018775510204081632
0.1645714285714286	0.019183673469387756
0.1645714285714286	0.019591836734693877
0.1645714285714286	0.02
0.16527551020408165	0.0
0.16527551020408165	0.0004081632653061224
0.16527551020408165	0.0008163265306122448
0.16527551020408165	0.0012244897959183673
0.16527551020408165	0.0016326530612244896
0.16527551020408165	0.002040816326530612
0.16527551020408165	0.0024489795918367346
0.16527551020408165	0.002857142857142857
0.16527551020408165	0.0032653061224489793
0.16527551020408165	0.003673469387755102
0.16527551020408165	0.004081632653061224
0.16527551020408165	0.004489795918367346
0.16527551020408165	0.004897959183673469
0.16527551020408165	0.005306122448979591
0.16527551020408165	0.005714285714285714
0.16527551020408165	0.0061224489795918356
0.16527551020408165	0.0065306122448979586
0.16527551020408165	0.0069387755102040816
0.16527551020408165	0.007346938775510204
0.16527551020408165	0.007755102040816327
0.16527551020408165	0.008163265306122448
0.16527551020408165	0.008571428571428572
0.16527551020408165	0.008979591836734692
0.16527551020408165	0.009387755102040816
0.16527551020408165	0.009795918367346938
0.16527551020408165	0.010204081632653062
0.16527551020408165	0.010612244897959184
0.16527551020408165	0.011020408163265308
0.16527551020408165	0.011428571428571429
0.16527551020408165	0.01183673469387755
0.16527551020408165	0.012244897959183675
0.16527551020408165	0.012653061224489797
0.16527551020408165	0.01306122448979592
0.16527551020408165	0.013469387755102043
0.16527551020408165	0.013877551020408165
0.16527551020408165	0.014285714285714287
0.16527551020408165	0.01469387755102041
0.16527551020408165	0.01510204081632653
0.16527551020408165	0.015510204081632653
0.16527551020408165	0.015918367346938776
0.16527551020408165	0.0163265306122449
0.16527551020408165	0.016734693877551023
0.16527551020408165	0.017142857142857144
0.16527551020408165	0.017551020408163264
0.16527551020408165	0.017959183673469388
0.16527551020408165	0.018367346938775512
0.16527551020408165	0.018775510204081632
0.16527551020408165	0.019183673469387756
0.16527551020408165	0.019591836734693877
0.16527551020408165	0.02
0.16597959183673472	0.0
0.16597959183673472	0.0004081632653061224
0.16597959183673472	0.0008163265306122448
0.16597959183673472	0.0012244897959183673
0.16597959183673472	0.0016326530612244896
0.16597959183673472	0.002040816326530612
0.16597959183673472	0.0024489795918367346
0.16597959183673472	0.002857142857142857
0.16597959183673472	0.0032653061224489793
0.16597959183673472	0.003673469387755102
0.16597959183673472	0.004081632653061224
0.16597959183673472	0.004489795918367346
0.16597959183673472	0.004897959183673469
0.16597959183673472	0.005306122448979591
0.16597959183673472	0.005714285714285714
0.16597959183673472	0.0061224489795918356
0.16597959183673472	0.0065306122448979586
0.16597959183673472	0.0069387755102040816
0.16597959183673472	0.007346938775510204
0.16597959183673472	0.007755102040816327
0.16597959183673472	0.008163265306122448
0.16597959183673472	0.008571428571428572
0.16597959183673472	0.008979591836734692
0.16597959183673472	0.009387755102040816
0.16597959183673472	0.009795918367346938
0.16597959183673472	0.010204081632653062
0.16597959183673472	0.010612244897959184
0.16597959183673472	0.011020408163265308
0.16597959183673472	0.011428571428571429
0.16597959183673472	0.01183673469387755
0.16597959183673472	0.012244897959183675
0.16597959183673472	0.012653061224489797
0.16597959183673472	0.01306122448979592
0.16597959183673472	0.013469387755102043
0.16597959183673472	0.013877551020408165
0.16597959183673472	0.014285714285714287
0.16597959183673472	0.01469387755102041
0.16597959183673472	0.01510204081632653
0.16597959183673472	0.015510204081632653
0.16597959183673472	0.015918367346938776
0.16597959183673472	0.0163265306122449
0.16597959183673472	0.016734693877551023
0.16597959183673472	0.017142857142857144
0.16597959183673472	0.017551020408163264
0.16597959183673472	0.017959183673469388
0.16597959183673472	0.018367346938775512
0.16597959183673472	0.018775510204081632
0.16597959183673472	0.019183673469387756
0.16597959183673472	0.019591836734693877
0.16597959183673472	0.02
0.16668367346938778	0.0
0.16668367346938778	0.0004081632653061224
0.16668367346938778	0.0008163265306122448
0.16668367346938778	0.0012244897959183673
0.16668367346938778	0.0016326530612244896
0.16668367346938778	0.002040816326530612
0.16668367346938778	0.0024489795918367346
0.16668367346938778	0.002857142857142857
0.16668367346938778	0.0032653061224489793
0.16668367346938778	0.003673469387755102
0.16668367346938778	0.004081632653061224
0.16668367346938778	0.004489795918367346
0.16668367346938778	0.004897959183673469
0.16668367346938778	0.005306122448979591
0.16668367346938778	0.005714285714285714
0.16668367346938778	0.0061224489795918356
0.16668367346938778	0.0065306122448979586
0.16668367346938778	0.0069387755102040816
0.16668367346938778	0.007346938775510204
0.16668367346938778	0.007755102040816327
0.16668367346938778	0.008163265306122448
0.16668367346938778	0.008571428571428572
0.16668367346938778	0.008979591836734692
0.16668367346938778	0.009387755102040816
0.16668367346938778	0.009795918367346938
0.16668367346938778	0.010204081632653062
0.16668367346938778	0.010612244897959184
0.16668367346938778	0.011020408163265308
0.16668367346938778	0.011428571428571429
0.16668367346938778	0.01183673469387755
0.16668367346938778	0.012244897959183675
0.16668367346938778	0.012653061224489797
0.16668367346938778	0.01306122448979592
0.16668367346938778	0.013469387755102043
0.16668367346938778	0.013877551020408165
0.16668367346938778	0.014285714285714287
0.16668367346938778	0.01469387755102041
0.16668367346938778	0.01510204081632653
0.16668367346938778	0.015510204081632653
0.16668367346938778	0.015918367346938776
0.16668367346938778	0.0163265306122449
0.16668367346938778	0.016734693877551023
0.16668367346938778	0.017142857142857144
0.16668367346938778	0.017551020408163264
0.16668367346938778	0.017959183673469388
0.16668367346938778	0.018367346938775512
0.16668367346938778	0.018775510204081632
0.16668367346938778	0.019183673469387756
0.16668367346938778	0.019591836734693877
0.16668367346938778	0.02
0.16738775510204082	0.0
0.16738775510204082	0.0004081632653061224
0.16738775510204082	0.0008163265306122448
0.16738775510204082	0.0012244897959183673
0.16738775510204082	0.0016326530612244896
0.16738775510204082	0.002040816326530612
0.16738775510204082	0.0024489795918367346
0.16738775510204082	0.002857142857142857
0.16738775510204082	0.0032653061224489793
0.16738775510204082	0.003673469387755102
0.16738775510204082	0.004081632653061224
0.16738775510204082	0.004489795918367346
0.16738775510204082	0.004897959183673469
0.16738775510204082	0.005306122448979591
0.16738775510204082	0.005714285714285714
0.16738775510204082	0.0061224489795918356
0.16738775510204082	0.0065306122448979586
0.16738775510204082	0.0069387755102040816
0.16738775510204082	0.007346938775510204
0.16738775510204082	0.007755102040816327
0.16738775510204082	0.008163265306122448
0.16738775510204082	0.008571428571428572
0.16738775510204082	0.008979591836734692
0.16738775510204082	0.009387755102040816
0.16738775510204082	0.009795918367346938
0.16738775510204082	0.010204081632653062
0.16738775510204082	0.010612244897959184
0.16738775510204082	0.011020408163265308
0.16738775510204082	0.011428571428571429
0.16738775510204082	0.01183673469387755
0.16738775510204082	0.012244897959183675
0.16738775510204082	0.012653061224489797
0.16738775510204082	0.01306122448979592
0.16738775510204082	0.013469387755102043
0.16738775510204082	0.013877551020408165
0.16738775510204082	0.014285714285714287
0.16738775510204082	0.01469387755102041
0.16738775510204082	0.01510204081632653
0.16738775510204082	0.015510204081632653
0.16738775510204082	0.015918367346938776
0.16738775510204082	0.0163265306122449
0.16738775510204082	0.016734693877551023
0.16738775510204082	0.017142857142857144
0.16738775510204082	0.017551020408163264
0.16738775510204082	0.017959183673469388
0.16738775510204082	0.018367346938775512
0.16738775510204082	0.018775510204081632
0.16738775510204082	0.019183673469387756
0.16738775510204082	0.019591836734693877
0.16738775510204082	0.02
0.16809183673469388	0.0
0.16809183673469388	0.0004081632653061224
0.16809183673469388	0.0008163265306122448
0.16809183673469388	0.0012244897959183673
0.16809183673469388	0.0016326530612244896
0.16809183673469388	0.002040816326530612
0.16809183673469388	0.0024489795918367346
0.16809183673469388	0.002857142857142857
0.16809183673469388	0.0032653061224489793
0.16809183673469388	0.003673469387755102
0.16809183673469388	0.004081632653061224
0.16809183673469388	0.004489795918367346
0.16809183673469388	0.004897959183673469
0.16809183673469388	0.005306122448979591
0.16809183673469388	0.005714285714285714
0.16809183673469388	0.0061224489795918356
0.16809183673469388	0.0065306122448979586
0.16809183673469388	0.0069387755102040816
0.16809183673469388	0.007346938775510204
0.16809183673469388	0.007755102040816327
0.16809183673469388	0.008163265306122448
0.16809183673469388	0.008571428571428572
0.16809183673469388	0.008979591836734692
0.16809183673469388	0.009387755102040816
0.16809183673469388	0.009795918367346938
0.16809183673469388	0.010204081632653062
0.16809183673469388	0.010612244897959184
0.16809183673469388	0.011020408163265308
0.16809183673469388	0.011428571428571429
0.16809183673469388	0.01183673469387755
0.16809183673469388	0.012244897959183675
0.16809183673469388	0.012653061224489797
0.16809183673469388	0.01306122448979592
0.16809183673469388	0.013469387755102043
0.16809183673469388	0.013877551020408165
0.16809183673469388	0.014285714285714287
0.16809183673469388	0.01469387755102041
0.16809183673469388	0.01510204081632653
0.16809183673469388	0.015510204081632653
0.16809183673469388	0.015918367346938776
0.16809183673469388	0.0163265306122449
0.16809183673469388	0.016734693877551023
0.16809183673469388	0.017142857142857144
0.16809183673469388	0.017551020408163264
0.16809183673469388	0.017959183673469388
0.16809183673469388	0.018367346938775512
0.16809183673469388	0.018775510204081632
0.16809183673469388	0.019183673469387756
0.16809183673469388	0.019591836734693877
0.16809183673469388	0.02
0.16879591836734695	0.0
0.16879591836734695	0.0004081632653061224
0.16879591836734695	0.0008163265306122448
0.16879591836734695	0.0012244897959183673
0.16879591836734695	0.0016326530612244896
0.16879591836734695	0.002040816326530612
0.16879591836734695	0.0024489795918367346
0.16879591836734695	0.002857142857142857
0.16879591836734695	0.0032653061224489793
0.16879591836734695	0.003673469387755102
0.16879591836734695	0.004081632653061224
0.16879591836734695	0.004489795918367346
0.16879591836734695	0.004897959183673469
0.16879591836734695	0.005306122448979591
0.16879591836734695	0.005714285714285714
0.16879591836734695	0.0061224489795918356
0.16879591836734695	0.0065306122448979586
0.16879591836734695	0.0069387755102040816
0.16879591836734695	0.007346938775510204
0.16879591836734695	0.007755102040816327
0.16879591836734695	0.008163265306122448
0.16879591836734695	0.008571428571428572
0.16879591836734695	0.008979591836734692
0.16879591836734695	0.009387755102040816
0.16879591836734695	0.009795918367346938
0.16879591836734695	0.010204081632653062
0.16879591836734695	0.010612244897959184
0.16879591836734695	0.011020408163265308
0.16879591836734695	0.011428571428571429
0.16879591836734695	0.01183673469387755
0.16879591836734695	0.012244897959183675
0.16879591836734695	0.012653061224489797
0.16879591836734695	0.01306122448979592
0.16879591836734695	0.013469387755102043
0.16879591836734695	0.013877551020408165
0.16879591836734695	0.014285714285714287
0.16879591836734695	0.01469387755102041
0.16879591836734695	0.01510204081632653
0.16879591836734695	0.015510204081632653
0.16879591836734695	0.015918367346938776
0.16879591836734695	0.0163265306122449
0.16879591836734695	0.016734693877551023
0.16879591836734695	0.017142857142857144
0.16879591836734695	0.017551020408163264
0.16879591836734695	0.017959183673469388
0.16879591836734695	0.018367346938775512
0.16879591836734695	0.018775510204081632
0.16879591836734695	0.019183673469387756
0.16879591836734695	0.019591836734693877
0.16879591836734695	0.02
0.1695	0.0
0.1695	0.0004081632653061224
0.1695	0.0008163265306122448
0.1695	0.0012244897959183673
0.1695	0.0016326530612244896
0.1695	0.002040816326530612
0.1695	0.0024489795918367346
0.1695	0.002857142857142857
0.1695	0.0032653061224489793
0.1695	0.003673469387755102
0.1695	0.004081632653061224
0.1695	0.004489795918367346
0.1695	0.004897959183673469
0.1695	0.005306122448979591
0.1695	0.005714285714285714
0.1695	0.0061224489795918356
0.1695	0.0065306122448979586
0.1695	0.0069387755102040816
0.1695	0.007346938775510204
0.1695	0.007755102040816327
0.1695	0.008163265306122448
0.1695	0.008571428571428572
0.1695	0.008979591836734692
0.1695	0.009387755102040816
0.1695	0.009795918367346938
0.1695	0.010204081632653062
0.1695	0.010612244897959184
0.1695	0.011020408163265308
0.1695	0.011428571428571429
0.1695	0.01183673469387755
0.1695	0.012244897959183675
0.1695	0.012653061224489797
0.1695	0.01306122448979592
0.1695	0.013469387755102043
0.1695	0.013877551020408165
0.1695	0.014285714285714287
0.1695	0.01469387755102041
0.1695	0.01510204081632653
0.1695	0.015510204081632653
0.1695	0.015918367346938776
0.1695	0.0163265306122449
0.1695	0.016734693877551023
0.1695	0.017142857142857144
0.1695	0.017551020408163264
0.1695	0.017959183673469388
0.1695	0.018367346938775512
0.1695	0.018775510204081632
0.1695	0.019183673469387756
0.1695	0.019591836734693877
0.1695	0.02
