R	Z
0.135	0.0
0.135	0.00040816324
0.135	0.0008163265
0.135	0.0012244898
0.135	0.001632653
0.135	0.0020408162
0.135	0.0024489795
0.135	0.0028571426
0.135	0.003265306
0.135	0.0036734694
0.135	0.0040816325
0.135	0.004489796
0.135	0.004897959
0.135	0.0053061224
0.135	0.005714285
0.135	0.006122449
0.135	0.006530612
0.135	0.006938775
0.135	0.007346939
0.135	0.0077551017
0.135	0.008163265
0.135	0.008571428
0.135	0.008979592
0.135	0.009387755
0.135	0.009795918
0.135	0.010204081
0.135	0.010612245
0.135	0.011020407
0.135	0.01142857
0.135	0.011836735
0.135	0.012244898
0.135	0.012653061
0.135	0.013061225
0.135	0.013469388
0.135	0.013877551
0.135	0.014285714
0.135	0.014693878
0.135	0.01510204
0.135	0.015510203
0.135	0.015918367
0.135	0.01632653
0.135	0.016734693
0.135	0.017142856
0.135	0.01755102
0.135	0.017959183
0.135	0.018367346
0.135	0.01877551
0.135	0.019183673
0.135	0.019591836
0.135	0.02
0.13570409	0.0
0.13570409	0.00040816324
0.13570409	0.0008163265
0.13570409	0.0012244898
0.13570409	0.001632653
0.13570409	0.0020408162
0.13570409	0.0024489795
0.13570409	0.0028571426
0.13570409	0.003265306
0.13570409	0.0036734694
0.13570409	0.0040816325
0.13570409	0.004489796
0.13570409	0.004897959
0.13570409	0.0053061224
0.13570409	0.005714285
0.13570409	0.006122449
0.13570409	0.006530612
0.13570409	0.006938775
0.13570409	0.007346939
0.13570409	0.0077551017
0.13570409	0.008163265
0.13570409	0.008571428
0.13570409	0.008979592
0.13570409	0.009387755
0.13570409	0.009795918
0.13570409	0.010204081
0.13570409	0.010612245
0.13570409	0.011020407
0.13570409	0.01142857
0.13570409	0.011836735
0.13570409	0.012244898
0.13570409	0.012653061
0.13570409	0.013061225
0.13570409	0.013469388
0.13570409	0.013877551
0.13570409	0.014285714
0.13570409	0.014693878
0.13570409	0.01510204
0.13570409	0.015510203
0.13570409	0.015918367
0.13570409	0.01632653
0.13570409	0.016734693
0.13570409	0.017142856
0.13570409	0.01755102
0.13570409	0.017959183
0.13570409	0.018367346
0.13570409	0.01877551
0.13570409	0.019183673
0.13570409	0.019591836
0.13570409	0.02
0.13640817	0.0
0.13640817	0.00040816324
0.13640817	0.0008163265
0.13640817	0.0012244898
0.13640817	0.001632653
0.13640817	0.0020408162
0.13640817	0.0024489795
0.13640817	0.0028571426
0.13640817	0.003265306
0.13640817	0.0036734694
0.13640817	0.0040816325
0.13640817	0.004489796
0.13640817	0.004897959
0.13640817	0.0053061224
0.13640817	0.005714285
0.13640817	0.006122449
0.13640817	0.006530612
0.13640817	0.006938775
0.13640817	0.007346939
0.13640817	0.0077551017
0.13640817	0.008163265
0.13640817	0.008571428
0.13640817	0.008979592
0.13640817	0.009387755
0.13640817	0.009795918
0.13640817	0.010204081
0.13640817	0.010612245
0.13640817	0.011020407
0.13640817	0.01142857
0.13640817	0.011836735
0.13640817	0.012244898
0.13640817	0.012653061
0.13640817	0.013061225
0.13640817	0.013469388
0.13640817	0.013877551
0.13640817	0.014285714
0.13640817	0.014693878
0.13640817	0.01510204
0.13640817	0.015510203
0.13640817	0.015918367
0.13640817	0.01632653
0.13640817	0.016734693
0.13640817	0.017142856
0.13640817	0.01755102
0.13640817	0.017959183
0.13640817	0.018367346
0.13640817	0.01877551
0.13640817	0.019183673
0.13640817	0.019591836
0.13640817	0.02
0.13711224	0.0
0.13711224	0.00040816324
0.13711224	0.0008163265
0.13711224	0.0012244898
0.13711224	0.001632653
0.13711224	0.0020408162
0.13711224	0.0024489795
0.13711224	0.0028571426
0.13711224	0.003265306
0.13711224	0.0036734694
0.13711224	0.0040816325
0.13711224	0.004489796
0.13711224	0.004897959
0.13711224	0.0053061224
0.13711224	0.005714285
0.13711224	0.006122449
0.13711224	0.006530612
0.13711224	0.006938775
0.13711224	0.007346939
0.13711224	0.0077551017
0.13711224	0.008163265
0.13711224	0.008571428
0.13711224	0.008979592
0.13711224	0.009387755
0.13711224	0.009795918
0.13711224	0.010204081
0.13711224	0.010612245
0.13711224	0.011020407
0.13711224	0.01142857
0.13711224	0.011836735
0.13711224	0.012244898
0.13711224	0.012653061
0.13711224	0.013061225
0.13711224	0.013469388
0.13711224	0.013877551
0.13711224	0.014285714
0.13711224	0.014693878
0.13711224	0.01510204
0.13711224	0.015510203
0.13711224	0.015918367
0.13711224	0.01632653
0.13711224	0.016734693
0.13711224	0.017142856
0.13711224	0.01755102
0.13711224	0.017959183
0.13711224	0.018367346
0.13711224	0.01877551
0.13711224	0.019183673
0.13711224	0.019591836
0.13711224	0.02
0.13781632	0.0
0.13781632	0.00040816324
0.13781632	0.0008163265
0.13781632	0.0012244898
0.13781632	0.001632653
0.13781632	0.0020408162
0.13781632	0.0024489795
0.13781632	0.0028571426
0.13781632	0.003265306
0.13781632	0.0036734694
0.13781632	0.0040816325
0.13781632	0.004489796
0.13781632	0.004897959
0.13781632	0.0053061224
0.13781632	0.005714285
0.13781632	0.006122449
0.13781632	0.006530612
0.13781632	0.006938775
0.13781632	0.007346939
0.13781632	0.0077551017
0.13781632	0.008163265
0.13781632	0.008571428
0.13781632	0.008979592
0.13781632	0.009387755
0.13781632	0.009795918
0.13781632	0.010204081
0.13781632	0.010612245
0.13781632	0.011020407
0.13781632	0.01142857
0.13781632	0.011836735
0.13781632	0.012244898
0.13781632	0.012653061
0.13781632	0.013061225
0.13781632	0.013469388
0.13781632	0.013877551
0.13781632	0.014285714
0.13781632	0.014693878
0.13781632	0.01510204
0.13781632	0.015510203
0.13781632	0.015918367
0.13781632	0.01632653
0.13781632	0.016734693
0.13781632	0.017142856
0.13781632	0.01755102
0.13781632	0.017959183
0.13781632	0.018367346
0.13781632	0.01877551
0.13781632	0.019183673
0.13781632	0.019591836
0.13781632	0.02
0.13852042	0.0
0.13852042	0.00040816324
0.13852042	0.0008163265
0.13852042	0.0012244898
0.13852042	0.001632653
0.13852042	0.0020408162
0.13852042	0.0024489795
0.13852042	0.0028571426
0.13852042	0.003265306
0.13852042	0.0036734694
0.13852042	0.0040816325
0.13852042	0.004489796
0.13852042	0.004897959
0.13852042	0.0053061224
0.13852042	0.005714285
0.13852042	0.006122449
0.13852042	0.006530612
0.13852042	0.006938775
0.13852042	0.007346939
0.13852042	0.0077551017
0.13852042	0.008163265
0.13852042	0.008571428
0.13852042	0.008979592
0.13852042	0.009387755
0.13852042	0.009795918
0.13852042	0.010204081
0.13852042	0.010612245
0.13852042	0.011020407
0.13852042	0.01142857
0.13852042	0.011836735
0.13852042	0.012244898
0.13852042	0.012653061
0.13852042	0.013061225
0.13852042	0.013469388
0.13852042	0.013877551
0.13852042	0.014285714
0.13852042	0.014693878
0.13852042	0.01510204
0.13852042	0.015510203
0.13852042	0.015918367
0.13852042	0.01632653
0.13852042	0.016734693
0.13852042	0.017142856
0.13852042	0.01755102
0.13852042	0.017959183
0.13852042	0.018367346
0.13852042	0.01877551
0.13852042	0.019183673
0.13852042	0.019591836
0.13852042	0.02
0.1392245	0.0
0.1392245	0.00040816324
0.1392245	0.0008163265
0.1392245	0.0012244898
0.1392245	0.001632653
0.1392245	0.0020408162
0.1392245	0.0024489795
0.1392245	0.0028571426
0.1392245	0.003265306
0.1392245	0.0036734694
0.1392245	0.0040816325
0.1392245	0.004489796
0.1392245	0.004897959
0.1392245	0.0053061224
0.1392245	0.005714285
0.1392245	0.006122449
0.1392245	0.006530612
0.1392245	0.006938775
0.1392245	0.007346939
0.1392245	0.0077551017
0.1392245	0.008163265
0.1392245	0.008571428
0.1392245	0.008979592
0.1392245	0.009387755
0.1392245	0.009795918
0.1392245	0.010204081
0.1392245	0.010612245
0.1392245	0.011020407
0.1392245	0.01142857
0.1392245	0.011836735
0.1392245	0.012244898
0.1392245	0.012653061
0.1392245	0.013061225
0.1392245	0.013469388
0.1392245	0.013877551
0.1392245	0.014285714
0.1392245	0.014693878
0.1392245	0.01510204
0.1392245	0.015510203
0.1392245	0.015918367
0.1392245	0.01632653
0.1392245	0.016734693
0.1392245	0.017142856
0.1392245	0.01755102
0.1392245	0.017959183
0.1392245	0.018367346
0.1392245	0.01877551
0.1392245	0.019183673
0.1392245	0.019591836
0.1392245	0.02
0.13992858	0.0
0.13992858	0.00040816324
0.13992858	0.0008163265
0.13992858	0.0012244898
0.13992858	0.001632653
0.13992858	0.0020408162
0.13992858	0.0024489795
0.13992858	0.0028571426
0.13992858	0.003265306
0.13992858	0.0036734694
0.13992858	0.0040816325
0.13992858	0.004489796
0.13992858	0.004897959
0.13992858	0.0053061224
0.13992858	0.005714285
0.13992858	0.006122449
0.13992858	0.006530612
0.13992858	0.006938775
0.13992858	0.007346939
0.13992858	0.0077551017
0.13992858	0.008163265
0.13992858	0.008571428
0.13992858	0.008979592
0.13992858	0.009387755
0.13992858	0.009795918
0.13992858	0.010204081
0.13992858	0.010612245
0.13992858	0.011020407
0.13992858	0.01142857
0.13992858	0.011836735
0.13992858	0.012244898
0.13992858	0.012653061
0.13992858	0.013061225
0.13992858	0.013469388
0.13992858	0.013877551
0.13992858	0.014285714
0.13992858	0.014693878
0.13992858	0.01510204
0.13992858	0.015510203
0.13992858	0.015918367
0.13992858	0.01632653
0.13992858	0.016734693
0.13992858	0.017142856
0.13992858	0.01755102
0.13992858	0.017959183
0.13992858	0.018367346
0.13992858	0.01877551
0.13992858	0.019183673
0.13992858	0.019591836
0.13992858	0.02
0.14063266	0.0
0.14063266	0.00040816324
0.14063266	0.0008163265
0.14063266	0.0012244898
0.14063266	0.001632653
0.14063266	0.0020408162
0.14063266	0.0024489795
0.14063266	0.0028571426
0.14063266	0.003265306
0.14063266	0.0036734694
0.14063266	0.0040816325
0.14063266	0.004489796
0.14063266	0.004897959
0.14063266	0.0053061224
0.14063266	0.005714285
0.14063266	0.006122449
0.14063266	0.006530612
0.14063266	0.006938775
0.14063266	0.007346939
0.14063266	0.0077551017
0.14063266	0.008163265
0.14063266	0.008571428
0.14063266	0.008979592
0.14063266	0.009387755
0.14063266	0.009795918
0.14063266	0.010204081
0.14063266	0.010612245
0.14063266	0.011020407
0.14063266	0.01142857
0.14063266	0.011836735
0.14063266	0.012244898
0.14063266	0.012653061
0.14063266	0.013061225
0.14063266	0.013469388
0.14063266	0.013877551
0.14063266	0.014285714
0.14063266	0.014693878
0.14063266	0.01510204
0.14063266	0.015510203
0.14063266	0.015918367
0.14063266	0.01632653
0.14063266	0.016734693
0.14063266	0.017142856
0.14063266	0.01755102
0.14063266	0.017959183
0.14063266	0.018367346
0.14063266	0.01877551
0.14063266	0.019183673
0.14063266	0.019591836
0.14063266	0.02
0.14133674	0.0
0.14133674	0.00040816324
0.14133674	0.0008163265
0.14133674	0.0012244898
0.14133674	0.001632653
0.14133674	0.0020408162
0.14133674	0.0024489795
0.14133674	0.0028571426
0.14133674	0.003265306
0.14133674	0.0036734694
0.14133674	0.0040816325
0.14133674	0.004489796
0.14133674	0.004897959
0.14133674	0.0053061224
0.14133674	0.005714285
0.14133674	0.006122449
0.14133674	0.006530612
0.14133674	0.006938775
0.14133674	0.007346939
0.14133674	0.0077551017
0.14133674	0.008163265
0.14133674	0.008571428
0.14133674	0.008979592
0.14133674	0.009387755
0.14133674	0.009795918
0.14133674	0.010204081
0.14133674	0.010612245
0.14133674	0.011020407
0.14133674	0.01142857
0.14133674	0.011836735
0.14133674	0.012244898
0.14133674	0.012653061
0.14133674	0.013061225
0.14133674	0.013469388
0.14133674	0.013877551
0.14133674	0.014285714
0.14133674	0.014693878
0.14133674	0.01510204
0.14133674	0.015510203
0.14133674	0.015918367
0.14133674	0.01632653
0.14133674	0.016734693
0.14133674	0.017142856
0.14133674	0.01755102
0.14133674	0.017959183
0.14133674	0.018367346
0.14133674	0.01877551
0.14133674	0.019183673
0.14133674	0.019591836
0.14133674	0.02
0.14204082	0.0
0.14204082	0.00040816324
0.14204082	0.0008163265
0.14204082	0.0012244898
0.14204082	0.001632653
0.14204082	0.0020408162
0.14204082	0.0024489795
0.14204082	0.0028571426
0.14204082	0.003265306
0.14204082	0.0036734694
0.14204082	0.0040816325
0.14204082	0.004489796
0.14204082	0.004897959
0.14204082	0.0053061224
0.14204082	0.005714285
0.14204082	0.006122449
0.14204082	0.006530612
0.14204082	0.006938775
0.14204082	0.007346939
0.14204082	0.0077551017
0.14204082	0.008163265
0.14204082	0.008571428
0.14204082	0.008979592
0.14204082	0.009387755
0.14204082	0.009795918
0.14204082	0.010204081
0.14204082	0.010612245
0.14204082	0.011020407
0.14204082	0.01142857
0.14204082	0.011836735
0.14204082	0.012244898
0.14204082	0.012653061
0.14204082	0.013061225
0.14204082	0.013469388
0.14204082	0.013877551
0.14204082	0.014285714
0.14204082	0.014693878
0.14204082	0.01510204
0.14204082	0.015510203
0.14204082	0.015918367
0.14204082	0.01632653
0.14204082	0.016734693
0.14204082	0.017142856
0.14204082	0.01755102
0.14204082	0.017959183
0.14204082	0.018367346
0.14204082	0.01877551
0.14204082	0.019183673
0.14204082	0.019591836
0.14204082	0.02
0.1427449	0.0
0.1427449	0.00040816324
0.1427449	0.0008163265
0.1427449	0.0012244898
0.1427449	0.001632653
0.1427449	0.0020408162
0.1427449	0.0024489795
0.1427449	0.0028571426
0.1427449	0.003265306
0.1427449	0.0036734694
0.1427449	0.0040816325
0.1427449	0.004489796
0.1427449	0.004897959
0.1427449	0.0053061224
0.1427449	0.005714285
0.1427449	0.006122449
0.1427449	0.006530612
0.1427449	0.006938775
0.1427449	0.007346939
0.1427449	0.0077551017
0.1427449	0.008163265
0.1427449	0.008571428
0.1427449	0.008979592
0.1427449	0.009387755
0.1427449	0.009795918
0.1427449	0.010204081
0.1427449	0.010612245
0.1427449	0.011020407
0.1427449	0.01142857
0.1427449	0.011836735
0.1427449	0.012244898
0.1427449	0.012653061
0.1427449	0.013061225
0.1427449	0.013469388
0.1427449	0.013877551
0.1427449	0.014285714
0.1427449	0.014693878
0.1427449	0.01510204
0.1427449	0.015510203
0.1427449	0.015918367
0.1427449	0.01632653
0.1427449	0.016734693
0.1427449	0.017142856
0.1427449	0.01755102
0.1427449	0.017959183
0.1427449	0.018367346
0.1427449	0.01877551
0.1427449	0.019183673
0.1427449	0.019591836
0.1427449	0.02
0.14344898	0.0
0.14344898	0.00040816324
0.14344898	0.0008163265
0.14344898	0.0012244898
0.14344898	0.001632653
0.14344898	0.0020408162
0.14344898	0.0024489795
0.14344898	0.0028571426
0.14344898	0.003265306
0.14344898	0.0036734694
0.14344898	0.0040816325
0.14344898	0.004489796
0.14344898	0.004897959
0.14344898	0.0053061224
0.14344898	0.005714285
0.14344898	0.006122449
0.14344898	0.006530612
0.14344898	0.006938775
0.14344898	0.007346939
0.14344898	0.0077551017
0.14344898	0.008163265
0.14344898	0.008571428
0.14344898	0.008979592
0.14344898	0.009387755
0.14344898	0.009795918
0.14344898	0.010204081
0.14344898	0.010612245
0.14344898	0.011020407
0.14344898	0.01142857
0.14344898	0.011836735
0.14344898	0.012244898
0.14344898	0.012653061
0.14344898	0.013061225
0.14344898	0.013469388
0.14344898	0.013877551
0.14344898	0.014285714
0.14344898	0.014693878
0.14344898	0.01510204
0.14344898	0.015510203
0.14344898	0.015918367
0.14344898	0.01632653
0.14344898	0.016734693
0.14344898	0.017142856
0.14344898	0.01755102
0.14344898	0.017959183
0.14344898	0.018367346
0.14344898	0.01877551
0.14344898	0.019183673
0.14344898	0.019591836
0.14344898	0.02
0.14415306	0.0
0.14415306	0.00040816324
0.14415306	0.0008163265
0.14415306	0.0012244898
0.14415306	0.001632653
0.14415306	0.0020408162
0.14415306	0.0024489795
0.14415306	0.0028571426
0.14415306	0.003265306
0.14415306	0.0036734694
0.14415306	0.0040816325
0.14415306	0.004489796
0.14415306	0.004897959
0.14415306	0.0053061224
0.14415306	0.005714285
0.14415306	0.006122449
0.14415306	0.006530612
0.14415306	0.006938775
0.14415306	0.007346939
0.14415306	0.0077551017
0.14415306	0.008163265
0.14415306	0.008571428
0.14415306	0.008979592
0.14415306	0.009387755
0.14415306	0.009795918
0.14415306	0.010204081
0.14415306	0.010612245
0.14415306	0.011020407
0.14415306	0.01142857
0.14415306	0.011836735
0.14415306	0.012244898
0.14415306	0.012653061
0.14415306	0.013061225
0.14415306	0.013469388
0.14415306	0.013877551
0.14415306	0.014285714
0.14415306	0.014693878
0.14415306	0.01510204
0.14415306	0.015510203
0.14415306	0.015918367
0.14415306	0.01632653
0.14415306	0.016734693
0.14415306	0.017142856
0.14415306	0.01755102
0.14415306	0.017959183
0.14415306	0.018367346
0.14415306	0.01877551
0.14415306	0.019183673
0.14415306	0.019591836
0.14415306	0.02
0.14485715	0.0
0.14485715	0.00040816324
0.14485715	0.0008163265
0.14485715	0.0012244898
0.14485715	0.001632653
0.14485715	0.0020408162
0.14485715	0.0024489795
0.14485715	0.0028571426
0.14485715	0.003265306
0.14485715	0.0036734694
0.14485715	0.0040816325
0.14485715	0.004489796
0.14485715	0.004897959
0.14485715	0.0053061224
0.14485715	0.005714285
0.14485715	0.006122449
0.14485715	0.006530612
0.14485715	0.006938775
0.14485715	0.007346939
0.14485715	0.0077551017
0.14485715	0.008163265
0.14485715	0.008571428
0.14485715	0.008979592
0.14485715	0.009387755
0.14485715	0.009795918
0.14485715	0.010204081
0.14485715	0.010612245
0.14485715	0.011020407
0.14485715	0.01142857
0.14485715	0.011836735
0.14485715	0.012244898
0.14485715	0.012653061
0.14485715	0.013061225
0.14485715	0.013469388
0.14485715	0.013877551
0.14485715	0.014285714
0.14485715	0.014693878
0.14485715	0.01510204
0.14485715	0.015510203
0.14485715	0.015918367
0.14485715	0.01632653
0.14485715	0.016734693
0.14485715	0.017142856
0.14485715	0.01755102
0.14485715	0.017959183
0.14485715	0.018367346
0.14485715	0.01877551
0.14485715	0.019183673
0.14485715	0.019591836
0.14485715	0.02
0.14556123	0.0
0.14556123	0.00040816324
0.14556123	0.0008163265
0.14556123	0.0012244898
0.14556123	0.001632653
0.14556123	0.0020408162
0.14556123	0.0024489795
0.14556123	0.0028571426
0.14556123	0.003265306
0.14556123	0.0036734694
0.14556123	0.0040816325
0.14556123	0.004489796
0.14556123	0.004897959
0.14556123	0.0053061224
0.14556123	0.005714285
0.14556123	0.006122449
0.14556123	0.006530612
0.14556123	0.006938775
0.14556123	0.007346939
0.14556123	0.0077551017
0.14556123	0.008163265
0.14556123	0.008571428
0.14556123	0.008979592
0.14556123	0.009387755
0.14556123	0.009795918
0.14556123	0.010204081
0.14556123	0.010612245
0.14556123	0.011020407
0.14556123	0.01142857
0.14556123	0.011836735
0.14556123	0.012244898
0.14556123	0.012653061
0.14556123	0.013061225
0.14556123	0.013469388
0.14556123	0.013877551
0.14556123	0.014285714
0.14556123	0.014693878
0.14556123	0.01510204
0.14556123	0.015510203
0.14556123	0.015918367
0.14556123	0.01632653
0.14556123	0.016734693
0.14556123	0.017142856
0.14556123	0.01755102
0.14556123	0.017959183
0.14556123	0.018367346
0.14556123	0.01877551
0.14556123	0.019183673
0.14556123	0.019591836
0.14556123	0.02
0.14626531	0.0
0.14626531	0.00040816324
0.14626531	0.0008163265
0.14626531	0.0012244898
0.14626531	0.001632653
0.14626531	0.0020408162
0.14626531	0.0024489795
0.14626531	0.0028571426
0.14626531	0.003265306
0.14626531	0.0036734694
0.14626531	0.0040816325
0.14626531	0.004489796
0.14626531	0.004897959
0.14626531	0.0053061224
0.14626531	0.005714285
0.14626531	0.006122449
0.14626531	0.006530612
0.14626531	0.006938775
0.14626531	0.007346939
0.14626531	0.0077551017
0.14626531	0.008163265
0.14626531	0.008571428
0.14626531	0.008979592
0.14626531	0.009387755
0.14626531	0.009795918
0.14626531	0.010204081
0.14626531	0.010612245
0.14626531	0.011020407
0.14626531	0.01142857
0.14626531	0.011836735
0.14626531	0.012244898
0.14626531	0.012653061
0.14626531	0.013061225
0.14626531	0.013469388
0.14626531	0.013877551
0.14626531	0.014285714
0.14626531	0.014693878
0.14626531	0.01510204
0.14626531	0.015510203
0.14626531	0.015918367
0.14626531	0.01632653
0.14626531	0.016734693
0.14626531	0.017142856
0.14626531	0.01755102
0.14626531	0.017959183
0.14626531	0.018367346
0.14626531	0.01877551
0.14626531	0.019183673
0.14626531	0.019591836
0.14626531	0.02
0.1469694	0.0
0.1469694	0.00040816324
0.1469694	0.0008163265
0.1469694	0.0012244898
0.1469694	0.001632653
0.1469694	0.0020408162
0.1469694	0.0024489795
0.1469694	0.0028571426
0.1469694	0.003265306
0.1469694	0.0036734694
0.1469694	0.0040816325
0.1469694	0.004489796
0.1469694	0.004897959
0.1469694	0.0053061224
0.1469694	0.005714285
0.1469694	0.006122449
0.1469694	0.006530612
0.1469694	0.006938775
0.1469694	0.007346939
0.1469694	0.0077551017
0.1469694	0.008163265
0.1469694	0.008571428
0.1469694	0.008979592
0.1469694	0.009387755
0.1469694	0.009795918
0.1469694	0.010204081
0.1469694	0.010612245
0.1469694	0.011020407
0.1469694	0.01142857
0.1469694	0.011836735
0.1469694	0.012244898
0.1469694	0.012653061
0.1469694	0.013061225
0.1469694	0.013469388
0.1469694	0.013877551
0.1469694	0.014285714
0.1469694	0.014693878
0.1469694	0.01510204
0.1469694	0.015510203
0.1469694	0.015918367
0.1469694	0.01632653
0.1469694	0.016734693
0.1469694	0.017142856
0.1469694	0.01755102
0.1469694	0.017959183
0.1469694	0.018367346
0.1469694	0.01877551
0.1469694	0.019183673
0.1469694	0.019591836
0.1469694	0.02
0.14767347	0.0
0.14767347	0.00040816324
0.14767347	0.0008163265
0.14767347	0.0012244898
0.14767347	0.001632653
0.14767347	0.0020408162
0.14767347	0.0024489795
0.14767347	0.0028571426
0.14767347	0.003265306
0.14767347	0.0036734694
0.14767347	0.0040816325
0.14767347	0.004489796
0.14767347	0.004897959
0.14767347	0.0053061224
0.14767347	0.005714285
0.14767347	0.006122449
0.14767347	0.006530612
0.14767347	0.006938775
0.14767347	0.007346939
0.14767347	0.0077551017
0.14767347	0.008163265
0.14767347	0.008571428
0.14767347	0.008979592
0.14767347	0.009387755
0.14767347	0.009795918
0.14767347	0.010204081
0.14767347	0.010612245
0.14767347	0.011020407
0.14767347	0.01142857
0.14767347	0.011836735
0.14767347	0.012244898
0.14767347	0.012653061
0.14767347	0.013061225
0.14767347	0.013469388
0.14767347	0.013877551
0.14767347	0.014285714
0.14767347	0.014693878
0.14767347	0.01510204
0.14767347	0.015510203
0.14767347	0.015918367
0.14767347	0.01632653
0.14767347	0.016734693
0.14767347	0.017142856
0.14767347	0.01755102
0.14767347	0.017959183
0.14767347	0.018367346
0.14767347	0.01877551
0.14767347	0.019183673
0.14767347	0.019591836
0.14767347	0.02
0.14837755	0.0
0.14837755	0.00040816324
0.14837755	0.0008163265
0.14837755	0.0012244898
0.14837755	0.001632653
0.14837755	0.0020408162
0.14837755	0.0024489795
0.14837755	0.0028571426
0.14837755	0.003265306
0.14837755	0.0036734694
0.14837755	0.0040816325
0.14837755	0.004489796
0.14837755	0.004897959
0.14837755	0.0053061224
0.14837755	0.005714285
0.14837755	0.006122449
0.14837755	0.006530612
0.14837755	0.006938775
0.14837755	0.007346939
0.14837755	0.0077551017
0.14837755	0.008163265
0.14837755	0.008571428
0.14837755	0.008979592
0.14837755	0.009387755
0.14837755	0.009795918
0.14837755	0.010204081
0.14837755	0.010612245
0.14837755	0.011020407
0.14837755	0.01142857
0.14837755	0.011836735
0.14837755	0.012244898
0.14837755	0.012653061
0.14837755	0.013061225
0.14837755	0.013469388
0.14837755	0.013877551
0.14837755	0.014285714
0.14837755	0.014693878
0.14837755	0.01510204
0.14837755	0.015510203
0.14837755	0.015918367
0.14837755	0.01632653
0.14837755	0.016734693
0.14837755	0.017142856
0.14837755	0.01755102
0.14837755	0.017959183
0.14837755	0.018367346
0.14837755	0.01877551
0.14837755	0.019183673
0.14837755	0.019591836
0.14837755	0.02
0.14908163	0.0
0.14908163	0.00040816324
0.14908163	0.0008163265
0.14908163	0.0012244898
0.14908163	0.001632653
0.14908163	0.0020408162
0.14908163	0.0024489795
0.14908163	0.0028571426
0.14908163	0.003265306
0.14908163	0.0036734694
0.14908163	0.0040816325
0.14908163	0.004489796
0.14908163	0.004897959
0.14908163	0.0053061224
0.14908163	0.005714285
0.14908163	0.006122449
0.14908163	0.006530612
0.14908163	0.006938775
0.14908163	0.007346939
0.14908163	0.0077551017
0.14908163	0.008163265
0.14908163	0.008571428
0.14908163	0.008979592
0.14908163	0.009387755
0.14908163	0.009795918
0.14908163	0.010204081
0.14908163	0.010612245
0.14908163	0.011020407
0.14908163	0.01142857
0.14908163	0.011836735
0.14908163	0.012244898
0.14908163	0.012653061
0.14908163	0.013061225
0.14908163	0.013469388
0.14908163	0.013877551
0.14908163	0.014285714
0.14908163	0.014693878
0.14908163	0.01510204
0.14908163	0.015510203
0.14908163	0.015918367
0.14908163	0.01632653
0.14908163	0.016734693
0.14908163	0.017142856
0.14908163	0.01755102
0.14908163	0.017959183
0.14908163	0.018367346
0.14908163	0.01877551
0.14908163	0.019183673
0.14908163	0.019591836
0.14908163	0.02
0.14978573	0.0
0.14978573	0.00040816324
0.14978573	0.0008163265
0.14978573	0.0012244898
0.14978573	0.001632653
0.14978573	0.0020408162
0.14978573	0.0024489795
0.14978573	0.0028571426
0.14978573	0.003265306
0.14978573	0.0036734694
0.14978573	0.0040816325
0.14978573	0.004489796
0.14978573	0.004897959
0.14978573	0.0053061224
0.14978573	0.005714285
0.14978573	0.006122449
0.14978573	0.006530612
0.14978573	0.006938775
0.14978573	0.007346939
0.14978573	0.0077551017
0.14978573	0.008163265
0.14978573	0.008571428
0.14978573	0.008979592
0.14978573	0.009387755
0.14978573	0.009795918
0.14978573	0.010204081
0.14978573	0.010612245
0.14978573	0.011020407
0.14978573	0.01142857
0.14978573	0.011836735
0.14978573	0.012244898
0.14978573	0.012653061
0.14978573	0.013061225
0.14978573	0.013469388
0.14978573	0.013877551
0.14978573	0.014285714
0.14978573	0.014693878
0.14978573	0.01510204
0.14978573	0.015510203
0.14978573	0.015918367
0.14978573	0.01632653
0.14978573	0.016734693
0.14978573	0.017142856
0.14978573	0.01755102
0.14978573	0.017959183
0.14978573	0.018367346
0.14978573	0.01877551
0.14978573	0.019183673
0.14978573	0.019591836
0.14978573	0.02
0.1504898	0.0
0.1504898	0.00040816324
0.1504898	0.0008163265
0.1504898	0.0012244898
0.1504898	0.001632653
0.1504898	0.0020408162
0.1504898	0.0024489795
0.1504898	0.0028571426
0.1504898	0.003265306
0.1504898	0.0036734694
0.1504898	0.0040816325
0.1504898	0.004489796
0.1504898	0.004897959
0.1504898	0.0053061224
0.1504898	0.005714285
0.1504898	0.006122449
0.1504898	0.006530612
0.1504898	0.006938775
0.1504898	0.007346939
0.1504898	0.0077551017
0.1504898	0.008163265
0.1504898	0.008571428
0.1504898	0.008979592
0.1504898	0.009387755
0.1504898	0.009795918
0.1504898	0.010204081
0.1504898	0.010612245
0.1504898	0.011020407
0.1504898	0.01142857
0.1504898	0.011836735
0.1504898	0.012244898
0.1504898	0.012653061
0.1504898	0.013061225
0.1504898	0.013469388
0.1504898	0.013877551
0.1504898	0.014285714
0.1504898	0.014693878
0.1504898	0.01510204
0.1504898	0.015510203
0.1504898	0.015918367
0.1504898	0.01632653
0.1504898	0.016734693
0.1504898	0.017142856
0.1504898	0.01755102
0.1504898	0.017959183
0.1504898	0.018367346
0.1504898	0.01877551
0.1504898	0.019183673
0.1504898	0.019591836
0.1504898	0.02
0.15119389	0.0
0.15119389	0.00040816324
0.15119389	0.0008163265
0.15119389	0.0012244898
0.15119389	0.001632653
0.15119389	0.0020408162
0.15119389	0.0024489795
0.15119389	0.0028571426
0.15119389	0.003265306
0.15119389	0.0036734694
0.15119389	0.0040816325
0.15119389	0.004489796
0.15119389	0.004897959
0.15119389	0.0053061224
0.15119389	0.005714285
0.15119389	0.006122449
0.15119389	0.006530612
0.15119389	0.006938775
0.15119389	0.007346939
0.15119389	0.0077551017
0.15119389	0.008163265
0.15119389	0.008571428
0.15119389	0.008979592
0.15119389	0.009387755
0.15119389	0.009795918
0.15119389	0.010204081
0.15119389	0.010612245
0.15119389	0.011020407
0.15119389	0.01142857
0.15119389	0.011836735
0.15119389	0.012244898
0.15119389	0.012653061
0.15119389	0.013061225
0.15119389	0.013469388
0.15119389	0.013877551
0.15119389	0.014285714
0.15119389	0.014693878
0.15119389	0.01510204
0.15119389	0.015510203
0.15119389	0.015918367
0.15119389	0.01632653
0.15119389	0.016734693
0.15119389	0.017142856
0.15119389	0.01755102
0.15119389	0.017959183
0.15119389	0.018367346
0.15119389	0.01877551
0.15119389	0.019183673
0.15119389	0.019591836
0.15119389	0.02
0.15189797	0.0
0.15189797	0.00040816324
0.15189797	0.0008163265
0.15189797	0.0012244898
0.15189797	0.001632653
0.15189797	0.0020408162
0.15189797	0.0024489795
0.15189797	0.0028571426
0.15189797	0.003265306
0.15189797	0.0036734694
0.15189797	0.0040816325
0.15189797	0.004489796
0.15189797	0.004897959
0.15189797	0.0053061224
0.15189797	0.005714285
0.15189797	0.006122449
0.15189797	0.006530612
0.15189797	0.006938775
0.15189797	0.007346939
0.15189797	0.0077551017
0.15189797	0.008163265
0.15189797	0.008571428
0.15189797	0.008979592
0.15189797	0.009387755
0.15189797	0.009795918
0.15189797	0.010204081
0.15189797	0.010612245
0.15189797	0.011020407
0.15189797	0.01142857
0.15189797	0.011836735
0.15189797	0.012244898
0.15189797	0.012653061
0.15189797	0.013061225
0.15189797	0.013469388
0.15189797	0.013877551
0.15189797	0.014285714
0.15189797	0.014693878
0.15189797	0.01510204
0.15189797	0.015510203
0.15189797	0.015918367
0.15189797	0.01632653
0.15189797	0.016734693
0.15189797	0.017142856
0.15189797	0.01755102
0.15189797	0.017959183
0.15189797	0.018367346
0.15189797	0.01877551
0.15189797	0.019183673
0.15189797	0.019591836
0.15189797	0.02
0.15260205	0.0
0.15260205	0.00040816324
0.15260205	0.0008163265
0.15260205	0.0012244898
0.15260205	0.001632653
0.15260205	0.0020408162
0.15260205	0.0024489795
0.15260205	0.0028571426
0.15260205	0.003265306
0.15260205	0.0036734694
0.15260205	0.0040816325
0.15260205	0.004489796
0.15260205	0.004897959
0.15260205	0.0053061224
0.15260205	0.005714285
0.15260205	0.006122449
0.15260205	0.006530612
0.15260205	0.006938775
0.15260205	0.007346939
0.15260205	0.0077551017
0.15260205	0.008163265
0.15260205	0.008571428
0.15260205	0.008979592
0.15260205	0.009387755
0.15260205	0.009795918
0.15260205	0.010204081
0.15260205	0.010612245
0.15260205	0.011020407
0.15260205	0.01142857
0.15260205	0.011836735
0.15260205	0.012244898
0.15260205	0.012653061
0.15260205	0.013061225
0.15260205	0.013469388
0.15260205	0.013877551
0.15260205	0.014285714
0.15260205	0.014693878
0.15260205	0.01510204
0.15260205	0.015510203
0.15260205	0.015918367
0.15260205	0.01632653
0.15260205	0.016734693
0.15260205	0.017142856
0.15260205	0.01755102
0.15260205	0.017959183
0.15260205	0.018367346
0.15260205	0.01877551
0.15260205	0.019183673
0.15260205	0.019591836
0.15260205	0.02
0.15330613	0.0
0.15330613	0.00040816324
0.15330613	0.0008163265
0.15330613	0.0012244898
0.15330613	0.001632653
0.15330613	0.0020408162
0.15330613	0.0024489795
0.15330613	0.0028571426
0.15330613	0.003265306
0.15330613	0.0036734694
0.15330613	0.0040816325
0.15330613	0.004489796
0.15330613	0.004897959
0.15330613	0.0053061224
0.15330613	0.005714285
0.15330613	0.006122449
0.15330613	0.006530612
0.15330613	0.006938775
0.15330613	0.007346939
0.15330613	0.0077551017
0.15330613	0.008163265
0.15330613	0.008571428
0.15330613	0.008979592
0.15330613	0.009387755
0.15330613	0.009795918
0.15330613	0.010204081
0.15330613	0.010612245
0.15330613	0.011020407
0.15330613	0.01142857
0.15330613	0.011836735
0.15330613	0.012244898
0.15330613	0.012653061
0.15330613	0.013061225
0.15330613	0.013469388
0.15330613	0.013877551
0.15330613	0.014285714
0.15330613	0.014693878
0.15330613	0.01510204
0.15330613	0.015510203
0.15330613	0.015918367
0.15330613	0.01632653
0.15330613	0.016734693
0.15330613	0.017142856
0.15330613	0.01755102
0.15330613	0.017959183
0.15330613	0.018367346
0.15330613	0.01877551
0.15330613	0.019183673
0.15330613	0.019591836
0.15330613	0.02
0.1540102	0.0
0.1540102	0.00040816324
0.1540102	0.0008163265
0.1540102	0.0012244898
0.1540102	0.001632653
0.1540102	0.0020408162
0.1540102	0.0024489795
0.1540102	0.0028571426
0.1540102	0.003265306
0.1540102	0.0036734694
0.1540102	0.0040816325
0.1540102	0.004489796
0.1540102	0.004897959
0.1540102	0.0053061224
0.1540102	0.005714285
0.1540102	0.006122449
0.1540102	0.006530612
0.1540102	0.006938775
0.1540102	0.007346939
0.1540102	0.0077551017
0.1540102	0.008163265
0.1540102	0.008571428
0.1540102	0.008979592
0.1540102	0.009387755
0.1540102	0.009795918
0.1540102	0.010204081
0.1540102	0.010612245
0.1540102	0.011020407
0.1540102	0.01142857
0.1540102	0.011836735
0.1540102	0.012244898
0.1540102	0.012653061
0.1540102	0.013061225
0.1540102	0.013469388
0.1540102	0.013877551
0.1540102	0.014285714
0.1540102	0.014693878
0.1540102	0.01510204
0.1540102	0.015510203
0.1540102	0.015918367
0.1540102	0.01632653
0.1540102	0.016734693
0.1540102	0.017142856
0.1540102	0.01755102
0.1540102	0.017959183
0.1540102	0.018367346
0.1540102	0.01877551
0.1540102	0.019183673
0.1540102	0.019591836
0.1540102	0.02
0.15471429	0.0
0.15471429	0.00040816324
0.15471429	0.0008163265
0.15471429	0.0012244898
0.15471429	0.001632653
0.15471429	0.0020408162
0.15471429	0.0024489795
0.15471429	0.0028571426
0.15471429	0.003265306
0.15471429	0.0036734694
0.15471429	0.0040816325
0.15471429	0.004489796
0.15471429	0.004897959
0.15471429	0.0053061224
0.15471429	0.005714285
0.15471429	0.006122449
0.15471429	0.006530612
0.15471429	0.006938775
0.15471429	0.007346939
0.15471429	0.0077551017
0.15471429	0.008163265
0.15471429	0.008571428
0.15471429	0.008979592
0.15471429	0.009387755
0.15471429	0.009795918
0.15471429	0.010204081
0.15471429	0.010612245
0.15471429	0.011020407
0.15471429	0.01142857
0.15471429	0.011836735
0.15471429	0.012244898
0.15471429	0.012653061
0.15471429	0.013061225
0.15471429	0.013469388
0.15471429	0.013877551
0.15471429	0.014285714
0.15471429	0.014693878
0.15471429	0.01510204
0.15471429	0.015510203
0.15471429	0.015918367
0.15471429	0.01632653
0.15471429	0.016734693
0.15471429	0.017142856
0.15471429	0.01755102
0.15471429	0.017959183
0.15471429	0.018367346
0.15471429	0.01877551
0.15471429	0.019183673
0.15471429	0.019591836
0.15471429	0.02
0.15541837	0.0
0.15541837	0.00040816324
0.15541837	0.0008163265
0.15541837	0.0012244898
0.15541837	0.001632653
0.15541837	0.0020408162
0.15541837	0.0024489795
0.15541837	0.0028571426
0.15541837	0.003265306
0.15541837	0.0036734694
0.15541837	0.0040816325
0.15541837	0.004489796
0.15541837	0.004897959
0.15541837	0.0053061224
0.15541837	0.005714285
0.15541837	0.006122449
0.15541837	0.006530612
0.15541837	0.006938775
0.15541837	0.007346939
0.15541837	0.0077551017
0.15541837	0.008163265
0.15541837	0.008571428
0.15541837	0.008979592
0.15541837	0.009387755
0.15541837	0.009795918
0.15541837	0.010204081
0.15541837	0.010612245
0.15541837	0.011020407
0.15541837	0.01142857
0.15541837	0.011836735
0.15541837	0.012244898
0.15541837	0.012653061
0.15541837	0.013061225
0.15541837	0.013469388
0.15541837	0.013877551
0.15541837	0.014285714
0.15541837	0.014693878
0.15541837	0.01510204
0.15541837	0.015510203
0.15541837	0.015918367
0.15541837	0.01632653
0.15541837	0.016734693
0.15541837	0.017142856
0.15541837	0.01755102
0.15541837	0.017959183
0.15541837	0.018367346
0.15541837	0.01877551
0.15541837	0.019183673
0.15541837	0.019591836
0.15541837	0.02
0.15612245	0.0
0.15612245	0.00040816324
0.15612245	0.0008163265
0.15612245	0.0012244898
0.15612245	0.001632653
0.15612245	0.0020408162
0.15612245	0.0024489795
0.15612245	0.0028571426
0.15612245	0.003265306
0.15612245	0.0036734694
0.15612245	0.0040816325
0.15612245	0.004489796
0.15612245	0.004897959
0.15612245	0.0053061224
0.15612245	0.005714285
0.15612245	0.006122449
0.15612245	0.006530612
0.15612245	0.006938775
0.15612245	0.007346939
0.15612245	0.0077551017
0.15612245	0.008163265
0.15612245	0.008571428
0.15612245	0.008979592
0.15612245	0.009387755
0.15612245	0.009795918
0.15612245	0.010204081
0.15612245	0.010612245
0.15612245	0.011020407
0.15612245	0.01142857
0.15612245	0.011836735
0.15612245	0.012244898
0.15612245	0.012653061
0.15612245	0.013061225
0.15612245	0.013469388
0.15612245	0.013877551
0.15612245	0.014285714
0.15612245	0.014693878
0.15612245	0.01510204
0.15612245	0.015510203
0.15612245	0.015918367
0.15612245	0.01632653
0.15612245	0.016734693
0.15612245	0.017142856
0.15612245	0.01755102
0.15612245	0.017959183
0.15612245	0.018367346
0.15612245	0.01877551
0.15612245	0.019183673
0.15612245	0.019591836
0.15612245	0.02
0.15682654	0.0
0.15682654	0.00040816324
0.15682654	0.0008163265
0.15682654	0.0012244898
0.15682654	0.001632653
0.15682654	0.0020408162
0.15682654	0.0024489795
0.15682654	0.0028571426
0.15682654	0.003265306
0.15682654	0.0036734694
0.15682654	0.0040816325
0.15682654	0.004489796
0.15682654	0.004897959
0.15682654	0.0053061224
0.15682654	0.005714285
0.15682654	0.006122449
0.15682654	0.006530612
0.15682654	0.006938775
0.15682654	0.007346939
0.15682654	0.0077551017
0.15682654	0.008163265
0.15682654	0.008571428
0.15682654	0.008979592
0.15682654	0.009387755
0.15682654	0.009795918
0.15682654	0.010204081
0.15682654	0.010612245
0.15682654	0.011020407
0.15682654	0.01142857
0.15682654	0.011836735
0.15682654	0.012244898
0.15682654	0.012653061
0.15682654	0.013061225
0.15682654	0.013469388
0.15682654	0.013877551
0.15682654	0.014285714
0.15682654	0.014693878
0.15682654	0.01510204
0.15682654	0.015510203
0.15682654	0.015918367
0.15682654	0.01632653
0.15682654	0.016734693
0.15682654	0.017142856
0.15682654	0.01755102
0.15682654	0.017959183
0.15682654	0.018367346
0.15682654	0.01877551
0.15682654	0.019183673
0.15682654	0.019591836
0.15682654	0.02
0.15753062	0.0
0.15753062	0.00040816324
0.15753062	0.0008163265
0.15753062	0.0012244898
0.15753062	0.001632653
0.15753062	0.0020408162
0.15753062	0.0024489795
0.15753062	0.0028571426
0.15753062	0.003265306
0.15753062	0.0036734694
0.15753062	0.0040816325
0.15753062	0.004489796
0.15753062	0.004897959
0.15753062	0.0053061224
0.15753062	0.005714285
0.15753062	0.006122449
0.15753062	0.006530612
0.15753062	0.006938775
0.15753062	0.007346939
0.15753062	0.0077551017
0.15753062	0.008163265
0.15753062	0.008571428
0.15753062	0.008979592
0.15753062	0.009387755
0.15753062	0.009795918
0.15753062	0.010204081
0.15753062	0.010612245
0.15753062	0.011020407
0.15753062	0.01142857
0.15753062	0.011836735
0.15753062	0.012244898
0.15753062	0.012653061
0.15753062	0.013061225
0.15753062	0.013469388
0.15753062	0.013877551
0.15753062	0.014285714
0.15753062	0.014693878
0.15753062	0.01510204
0.15753062	0.015510203
0.15753062	0.015918367
0.15753062	0.01632653
0.15753062	0.016734693
0.15753062	0.017142856
0.15753062	0.01755102
0.15753062	0.017959183
0.15753062	0.018367346
0.15753062	0.01877551
0.15753062	0.019183673
0.15753062	0.019591836
0.15753062	0.02
0.1582347	0.0
0.1582347	0.00040816324
0.1582347	0.0008163265
0.1582347	0.0012244898
0.1582347	0.001632653
0.1582347	0.0020408162
0.1582347	0.0024489795
0.1582347	0.0028571426
0.1582347	0.003265306
0.1582347	0.0036734694
0.1582347	0.0040816325
0.1582347	0.004489796
0.1582347	0.004897959
0.1582347	0.0053061224
0.1582347	0.005714285
0.1582347	0.006122449
0.1582347	0.006530612
0.1582347	0.006938775
0.1582347	0.007346939
0.1582347	0.0077551017
0.1582347	0.008163265
0.1582347	0.008571428
0.1582347	0.008979592
0.1582347	0.009387755
0.1582347	0.009795918
0.1582347	0.010204081
0.1582347	0.010612245
0.1582347	0.011020407
0.1582347	0.01142857
0.1582347	0.011836735
0.1582347	0.012244898
0.1582347	0.012653061
0.1582347	0.013061225
0.1582347	0.013469388
0.1582347	0.013877551
0.1582347	0.014285714
0.1582347	0.014693878
0.1582347	0.01510204
0.1582347	0.015510203
0.1582347	0.015918367
0.1582347	0.01632653
0.1582347	0.016734693
0.1582347	0.017142856
0.1582347	0.01755102
0.1582347	0.017959183
0.1582347	0.018367346
0.1582347	0.01877551
0.1582347	0.019183673
0.1582347	0.019591836
0.1582347	0.02
0.15893878	0.0
0.15893878	0.00040816324
0.15893878	0.0008163265
0.15893878	0.0012244898
0.15893878	0.001632653
0.15893878	0.0020408162
0.15893878	0.0024489795
0.15893878	0.0028571426
0.15893878	0.003265306
0.15893878	0.0036734694
0.15893878	0.0040816325
0.15893878	0.004489796
0.15893878	0.004897959
0.15893878	0.0053061224
0.15893878	0.005714285
0.15893878	0.006122449
0.15893878	0.006530612
0.15893878	0.006938775
0.15893878	0.007346939
0.15893878	0.0077551017
0.15893878	0.008163265
0.15893878	0.008571428
0.15893878	0.008979592
0.15893878	0.009387755
0.15893878	0.009795918
0.15893878	0.010204081
0.15893878	0.010612245
0.15893878	0.011020407
0.15893878	0.01142857
0.15893878	0.011836735
0.15893878	0.012244898
0.15893878	0.012653061
0.15893878	0.013061225
0.15893878	0.013469388
0.15893878	0.013877551
0.15893878	0.014285714
0.15893878	0.014693878
0.15893878	0.01510204
0.15893878	0.015510203
0.15893878	0.015918367
0.15893878	0.01632653
0.15893878	0.016734693
0.15893878	0.017142856
0.15893878	0.01755102
0.15893878	0.017959183
0.15893878	0.018367346
0.15893878	0.01877551
0.15893878	0.019183673
0.15893878	0.019591836
0.15893878	0.02
0.15964286	0.0
0.15964286	0.00040816324
0.15964286	0.0008163265
0.15964286	0.0012244898
0.15964286	0.001632653
0.15964286	0.0020408162
0.15964286	0.0024489795
0.15964286	0.0028571426
0.15964286	0.003265306
0.15964286	0.0036734694
0.15964286	0.0040816325
0.15964286	0.004489796
0.15964286	0.004897959
0.15964286	0.0053061224
0.15964286	0.005714285
0.15964286	0.006122449
0.15964286	0.006530612
0.15964286	0.006938775
0.15964286	0.007346939
0.15964286	0.0077551017
0.15964286	0.008163265
0.15964286	0.008571428
0.15964286	0.008979592
0.15964286	0.009387755
0.15964286	0.009795918
0.15964286	0.010204081
0.15964286	0.010612245
0.15964286	0.011020407
0.15964286	0.01142857
0.15964286	0.011836735
0.15964286	0.012244898
0.15964286	0.012653061
0.15964286	0.013061225
0.15964286	0.013469388
0.15964286	0.013877551
0.15964286	0.014285714
0.15964286	0.014693878
0.15964286	0.01510204
0.15964286	0.015510203
0.15964286	0.015918367
0.15964286	0.01632653
0.15964286	0.016734693
0.15964286	0.017142856
0.15964286	0.01755102
0.15964286	0.017959183
0.15964286	0.018367346
0.15964286	0.01877551
0.15964286	0.019183673
0.15964286	0.019591836
0.15964286	0.02
0.16034694	0.0
0.16034694	0.00040816324
0.16034694	0.0008163265
0.16034694	0.0012244898
0.16034694	0.001632653
0.16034694	0.0020408162
0.16034694	0.0024489795
0.16034694	0.0028571426
0.16034694	0.003265306
0.16034694	0.0036734694
0.16034694	0.0040816325
0.16034694	0.004489796
0.16034694	0.004897959
0.16034694	0.0053061224
0.16034694	0.005714285
0.16034694	0.006122449
0.16034694	0.006530612
0.16034694	0.006938775
0.16034694	0.007346939
0.16034694	0.0077551017
0.16034694	0.008163265
0.16034694	0.008571428
0.16034694	0.008979592
0.16034694	0.009387755
0.16034694	0.009795918
0.16034694	0.010204081
0.16034694	0.010612245
0.16034694	0.011020407
0.16034694	0.01142857
0.16034694	0.011836735
0.16034694	0.012244898
0.16034694	0.012653061
0.16034694	0.013061225
0.16034694	0.013469388
0.16034694	0.013877551
0.16034694	0.014285714
0.16034694	0.014693878
0.16034694	0.01510204
0.16034694	0.015510203
0.16034694	0.015918367
0.16034694	0.01632653
0.16034694	0.016734693
0.16034694	0.017142856
0.16034694	0.01755102
0.16034694	0.017959183
0.16034694	0.018367346
0.16034694	0.01877551
0.16034694	0.019183673
0.16034694	0.019591836
0.16034694	0.02
0.16105102	0.0
0.16105102	0.00040816324
0.16105102	0.0008163265
0.16105102	0.0012244898
0.16105102	0.001632653
0.16105102	0.0020408162
0.16105102	0.0024489795
0.16105102	0.0028571426
0.16105102	0.003265306
0.16105102	0.0036734694
0.16105102	0.0040816325
0.16105102	0.004489796
0.16105102	0.004897959
0.16105102	0.0053061224
0.16105102	0.005714285
0.16105102	0.006122449
0.16105102	0.006530612
0.16105102	0.006938775
0.16105102	0.007346939
0.16105102	0.0077551017
0.16105102	0.008163265
0.16105102	0.008571428
0.16105102	0.008979592
0.16105102	0.009387755
0.16105102	0.009795918
0.16105102	0.010204081
0.16105102	0.010612245
0.16105102	0.011020407
0.16105102	0.01142857
0.16105102	0.011836735
0.16105102	0.012244898
0.16105102	0.012653061
0.16105102	0.013061225
0.16105102	0.013469388
0.16105102	0.013877551
0.16105102	0.014285714
0.16105102	0.014693878
0.16105102	0.01510204
0.16105102	0.015510203
0.16105102	0.015918367
0.16105102	0.01632653
0.16105102	0.016734693
0.16105102	0.017142856
0.16105102	0.01755102
0.16105102	0.017959183
0.16105102	0.018367346
0.16105102	0.01877551
0.16105102	0.019183673
0.16105102	0.019591836
0.16105102	0.02
0.1617551	0.0
0.1617551	0.00040816324
0.1617551	0.0008163265
0.1617551	0.0012244898
0.1617551	0.001632653
0.1617551	0.0020408162
0.1617551	0.0024489795
0.1617551	0.0028571426
0.1617551	0.003265306
0.1617551	0.0036734694
0.1617551	0.0040816325
0.1617551	0.004489796
0.1617551	0.004897959
0.1617551	0.0053061224
0.1617551	0.005714285
0.1617551	0.006122449
0.1617551	0.006530612
0.1617551	0.006938775
0.1617551	0.007346939
0.1617551	0.0077551017
0.1617551	0.008163265
0.1617551	0.008571428
0.1617551	0.008979592
0.1617551	0.009387755
0.1617551	0.009795918
0.1617551	0.010204081
0.1617551	0.010612245
0.1617551	0.011020407
0.1617551	0.01142857
0.1617551	0.011836735
0.1617551	0.012244898
0.1617551	0.012653061
0.1617551	0.013061225
0.1617551	0.013469388
0.1617551	0.013877551
0.1617551	0.014285714
0.1617551	0.014693878
0.1617551	0.01510204
0.1617551	0.015510203
0.1617551	0.015918367
0.1617551	0.01632653
0.1617551	0.016734693
0.1617551	0.017142856
0.1617551	0.01755102
0.1617551	0.017959183
0.1617551	0.018367346
0.1617551	0.01877551
0.1617551	0.019183673
0.1617551	0.019591836
0.1617551	0.02
0.1624592	0.0
0.1624592	0.00040816324
0.1624592	0.0008163265
0.1624592	0.0012244898
0.1624592	0.001632653
0.1624592	0.0020408162
0.1624592	0.0024489795
0.1624592	0.0028571426
0.1624592	0.003265306
0.1624592	0.0036734694
0.1624592	0.0040816325
0.1624592	0.004489796
0.1624592	0.004897959
0.1624592	0.0053061224
0.1624592	0.005714285
0.1624592	0.006122449
0.1624592	0.006530612
0.1624592	0.006938775
0.1624592	0.007346939
0.1624592	0.0077551017
0.1624592	0.008163265
0.1624592	0.008571428
0.1624592	0.008979592
0.1624592	0.009387755
0.1624592	0.009795918
0.1624592	0.010204081
0.1624592	0.010612245
0.1624592	0.011020407
0.1624592	0.01142857
0.1624592	0.011836735
0.1624592	0.012244898
0.1624592	0.012653061
0.1624592	0.013061225
0.1624592	0.013469388
0.1624592	0.013877551
0.1624592	0.014285714
0.1624592	0.014693878
0.1624592	0.01510204
0.1624592	0.015510203
0.1624592	0.015918367
0.1624592	0.01632653
0.1624592	0.016734693
0.1624592	0.017142856
0.1624592	0.01755102
0.1624592	0.017959183
0.1624592	0.018367346
0.1624592	0.01877551
0.1624592	0.019183673
0.1624592	0.019591836
0.1624592	0.02
0.16316327	0.0
0.16316327	0.00040816324
0.16316327	0.0008163265
0.16316327	0.0012244898
0.16316327	0.001632653
0.16316327	0.0020408162
0.16316327	0.0024489795
0.16316327	0.0028571426
0.16316327	0.003265306
0.16316327	0.0036734694
0.16316327	0.0040816325
0.16316327	0.004489796
0.16316327	0.004897959
0.16316327	0.0053061224
0.16316327	0.005714285
0.16316327	0.006122449
0.16316327	0.006530612
0.16316327	0.006938775
0.16316327	0.007346939
0.16316327	0.0077551017
0.16316327	0.008163265
0.16316327	0.008571428
0.16316327	0.008979592
0.16316327	0.009387755
0.16316327	0.009795918
0.16316327	0.010204081
0.16316327	0.010612245
0.16316327	0.011020407
0.16316327	0.01142857
0.16316327	0.011836735
0.16316327	0.012244898
0.16316327	0.012653061
0.16316327	0.013061225
0.16316327	0.013469388
0.16316327	0.013877551
0.16316327	0.014285714
0.16316327	0.014693878
0.16316327	0.01510204
0.16316327	0.015510203
0.16316327	0.015918367
0.16316327	0.01632653
0.16316327	0.016734693
0.16316327	0.017142856
0.16316327	0.01755102
0.16316327	0.017959183
0.16316327	0.018367346
0.16316327	0.01877551
0.16316327	0.019183673
0.16316327	0.019591836
0.16316327	0.02
0.16386735	0.0
0.16386735	0.00040816324
0.16386735	0.0008163265
0.16386735	0.0012244898
0.16386735	0.001632653
0.16386735	0.0020408162
0.16386735	0.0024489795
0.16386735	0.0028571426
0.16386735	0.003265306
0.16386735	0.0036734694
0.16386735	0.0040816325
0.16386735	0.004489796
0.16386735	0.004897959
0.16386735	0.0053061224
0.16386735	0.005714285
0.16386735	0.006122449
0.16386735	0.006530612
0.16386735	0.006938775
0.16386735	0.007346939
0.16386735	0.0077551017
0.16386735	0.008163265
0.16386735	0.008571428
0.16386735	0.008979592
0.16386735	0.009387755
0.16386735	0.009795918
0.16386735	0.010204081
0.16386735	0.010612245
0.16386735	0.011020407
0.16386735	0.01142857
0.16386735	0.011836735
0.16386735	0.012244898
0.16386735	0.012653061
0.16386735	0.013061225
0.16386735	0.013469388
0.16386735	0.013877551
0.16386735	0.014285714
0.16386735	0.014693878
0.16386735	0.01510204
0.16386735	0.015510203
0.16386735	0.015918367
0.16386735	0.01632653
0.16386735	0.016734693
0.16386735	0.017142856
0.16386735	0.01755102
0.16386735	0.017959183
0.16386735	0.018367346
0.16386735	0.01877551
0.16386735	0.019183673
0.16386735	0.019591836
0.16386735	0.02
0.16457143	0.0
0.16457143	0.00040816324
0.16457143	0.0008163265
0.16457143	0.0012244898
0.16457143	0.001632653
0.16457143	0.0020408162
0.16457143	0.0024489795
0.16457143	0.0028571426
0.16457143	0.003265306
0.16457143	0.0036734694
0.16457143	0.0040816325
0.16457143	0.004489796
0.16457143	0.004897959
0.16457143	0.0053061224
0.16457143	0.005714285
0.16457143	0.006122449
0.16457143	0.006530612
0.16457143	0.006938775
0.16457143	0.007346939
0.16457143	0.0077551017
0.16457143	0.008163265
0.16457143	0.008571428
0.16457143	0.008979592
0.16457143	0.009387755
0.16457143	0.009795918
0.16457143	0.010204081
0.16457143	0.010612245
0.16457143	0.011020407
0.16457143	0.01142857
0.16457143	0.011836735
0.16457143	0.012244898
0.16457143	0.012653061
0.16457143	0.013061225
0.16457143	0.013469388
0.16457143	0.013877551
0.16457143	0.014285714
0.16457143	0.014693878
0.16457143	0.01510204
0.16457143	0.015510203
0.16457143	0.015918367
0.16457143	0.01632653
0.16457143	0.016734693
0.16457143	0.017142856
0.16457143	0.01755102
0.16457143	0.017959183
0.16457143	0.018367346
0.16457143	0.01877551
0.16457143	0.019183673
0.16457143	0.019591836
0.16457143	0.02
0.16527551	0.0
0.16527551	0.00040816324
0.16527551	0.0008163265
0.16527551	0.0012244898
0.16527551	0.001632653
0.16527551	0.0020408162
0.16527551	0.0024489795
0.16527551	0.0028571426
0.16527551	0.003265306
0.16527551	0.0036734694
0.16527551	0.0040816325
0.16527551	0.004489796
0.16527551	0.004897959
0.16527551	0.0053061224
0.16527551	0.005714285
0.16527551	0.006122449
0.16527551	0.006530612
0.16527551	0.006938775
0.16527551	0.007346939
0.16527551	0.0077551017
0.16527551	0.008163265
0.16527551	0.008571428
0.16527551	0.008979592
0.16527551	0.009387755
0.16527551	0.009795918
0.16527551	0.010204081
0.16527551	0.010612245
0.16527551	0.011020407
0.16527551	0.01142857
0.16527551	0.011836735
0.16527551	0.012244898
0.16527551	0.012653061
0.16527551	0.013061225
0.16527551	0.013469388
0.16527551	0.013877551
0.16527551	0.014285714
0.16527551	0.014693878
0.16527551	0.01510204
0.16527551	0.015510203
0.16527551	0.015918367
0.16527551	0.01632653
0.16527551	0.016734693
0.16527551	0.017142856
0.16527551	0.01755102
0.16527551	0.017959183
0.16527551	0.018367346
0.16527551	0.01877551
0.16527551	0.019183673
0.16527551	0.019591836
0.16527551	0.02
0.1659796	0.0
0.1659796	0.00040816324
0.1659796	0.0008163265
0.1659796	0.0012244898
0.1659796	0.001632653
0.1659796	0.0020408162
0.1659796	0.0024489795
0.1659796	0.0028571426
0.1659796	0.003265306
0.1659796	0.0036734694
0.1659796	0.0040816325
0.1659796	0.004489796
0.1659796	0.004897959
0.1659796	0.0053061224
0.1659796	0.005714285
0.1659796	0.006122449
0.1659796	0.006530612
0.1659796	0.006938775
0.1659796	0.007346939
0.1659796	0.0077551017
0.1659796	0.008163265
0.1659796	0.008571428
0.1659796	0.008979592
0.1659796	0.009387755
0.1659796	0.009795918
0.1659796	0.010204081
0.1659796	0.010612245
0.1659796	0.011020407
0.1659796	0.01142857
0.1659796	0.011836735
0.1659796	0.012244898
0.1659796	0.012653061
0.1659796	0.013061225
0.1659796	0.013469388
0.1659796	0.013877551
0.1659796	0.014285714
0.1659796	0.014693878
0.1659796	0.01510204
0.1659796	0.015510203
0.1659796	0.015918367
0.1659796	0.01632653
0.1659796	0.016734693
0.1659796	0.017142856
0.1659796	0.01755102
0.1659796	0.017959183
0.1659796	0.018367346
0.1659796	0.01877551
0.1659796	0.019183673
0.1659796	0.019591836
0.1659796	0.02
0.16668367	0.0
0.16668367	0.00040816324
0.16668367	0.0008163265
0.16668367	0.0012244898
0.16668367	0.001632653
0.16668367	0.0020408162
0.16668367	0.0024489795
0.16668367	0.0028571426
0.16668367	0.003265306
0.16668367	0.0036734694
0.16668367	0.0040816325
0.16668367	0.004489796
0.16668367	0.004897959
0.16668367	0.0053061224
0.16668367	0.005714285
0.16668367	0.006122449
0.16668367	0.006530612
0.16668367	0.006938775
0.16668367	0.007346939
0.16668367	0.0077551017
0.16668367	0.008163265
0.16668367	0.008571428
0.16668367	0.008979592
0.16668367	0.009387755
0.16668367	0.009795918
0.16668367	0.010204081
0.16668367	0.010612245
0.16668367	0.011020407
0.16668367	0.01142857
0.16668367	0.011836735
0.16668367	0.012244898
0.16668367	0.012653061
0.16668367	0.013061225
0.16668367	0.013469388
0.16668367	0.013877551
0.16668367	0.014285714
0.16668367	0.014693878
0.16668367	0.01510204
0.16668367	0.015510203
0.16668367	0.015918367
0.16668367	0.01632653
0.16668367	0.016734693
0.16668367	0.017142856
0.16668367	0.01755102
0.16668367	0.017959183
0.16668367	0.018367346
0.16668367	0.01877551
0.16668367	0.019183673
0.16668367	0.019591836
0.16668367	0.02
0.16738775	0.0
0.16738775	0.00040816324
0.16738775	0.0008163265
0.16738775	0.0012244898
0.16738775	0.001632653
0.16738775	0.0020408162
0.16738775	0.0024489795
0.16738775	0.0028571426
0.16738775	0.003265306
0.16738775	0.0036734694
0.16738775	0.0040816325
0.16738775	0.004489796
0.16738775	0.004897959
0.16738775	0.0053061224
0.16738775	0.005714285
0.16738775	0.006122449
0.16738775	0.006530612
0.16738775	0.006938775
0.16738775	0.007346939
0.16738775	0.0077551017
0.16738775	0.008163265
0.16738775	0.008571428
0.16738775	0.008979592
0.16738775	0.009387755
0.16738775	0.009795918
0.16738775	0.010204081
0.16738775	0.010612245
0.16738775	0.011020407
0.16738775	0.01142857
0.16738775	0.011836735
0.16738775	0.012244898
0.16738775	0.012653061
0.16738775	0.013061225
0.16738775	0.013469388
0.16738775	0.013877551
0.16738775	0.014285714
0.16738775	0.014693878
0.16738775	0.01510204
0.16738775	0.015510203
0.16738775	0.015918367
0.16738775	0.01632653
0.16738775	0.016734693
0.16738775	0.017142856
0.16738775	0.01755102
0.16738775	0.017959183
0.16738775	0.018367346
0.16738775	0.01877551
0.16738775	0.019183673
0.16738775	0.019591836
0.16738775	0.02
0.16809183	0.0
0.16809183	0.00040816324
0.16809183	0.0008163265
0.16809183	0.0012244898
0.16809183	0.001632653
0.16809183	0.0020408162
0.16809183	0.0024489795
0.16809183	0.0028571426
0.16809183	0.003265306
0.16809183	0.0036734694
0.16809183	0.0040816325
0.16809183	0.004489796
0.16809183	0.004897959
0.16809183	0.0053061224
0.16809183	0.005714285
0.16809183	0.006122449
0.16809183	0.006530612
0.16809183	0.006938775
0.16809183	0.007346939
0.16809183	0.0077551017
0.16809183	0.008163265
0.16809183	0.008571428
0.16809183	0.008979592
0.16809183	0.009387755
0.16809183	0.009795918
0.16809183	0.010204081
0.16809183	0.010612245
0.16809183	0.011020407
0.16809183	0.01142857
0.16809183	0.011836735
0.16809183	0.012244898
0.16809183	0.012653061
0.16809183	0.013061225
0.16809183	0.013469388
0.16809183	0.013877551
0.16809183	0.014285714
0.16809183	0.014693878
0.16809183	0.01510204
0.16809183	0.015510203
0.16809183	0.015918367
0.16809183	0.01632653
0.16809183	0.016734693
0.16809183	0.017142856
0.16809183	0.01755102
0.16809183	0.017959183
0.16809183	0.018367346
0.16809183	0.01877551
0.16809183	0.019183673
0.16809183	0.019591836
0.16809183	0.02
0.16879593	0.0
0.16879593	0.00040816324
0.16879593	0.0008163265
0.16879593	0.0012244898
0.16879593	0.001632653
0.16879593	0.0020408162
0.16879593	0.0024489795
0.16879593	0.0028571426
0.16879593	0.003265306
0.16879593	0.0036734694
0.16879593	0.0040816325
0.16879593	0.004489796
0.16879593	0.004897959
0.16879593	0.0053061224
0.16879593	0.005714285
0.16879593	0.006122449
0.16879593	0.006530612
0.16879593	0.006938775
0.16879593	0.007346939
0.16879593	0.0077551017
0.16879593	0.008163265
0.16879593	0.008571428
0.16879593	0.008979592
0.16879593	0.009387755
0.16879593	0.009795918
0.16879593	0.010204081
0.16879593	0.010612245
0.16879593	0.011020407
0.16879593	0.01142857
0.16879593	0.011836735
0.16879593	0.012244898
0.16879593	0.012653061
0.16879593	0.013061225
0.16879593	0.013469388
0.16879593	0.013877551
0.16879593	0.014285714
0.16879593	0.014693878
0.16879593	0.01510204
0.16879593	0.015510203
0.16879593	0.015918367
0.16879593	0.01632653
0.16879593	0.016734693
0.16879593	0.017142856
0.16879593	0.01755102
0.16879593	0.017959183
0.16879593	0.018367346
0.16879593	0.01877551
0.16879593	0.019183673
0.16879593	0.019591836
0.16879593	0.02
0.16950001	0.0
0.16950001	0.00040816324
0.16950001	0.0008163265
0.16950001	0.0012244898
0.16950001	0.001632653
0.16950001	0.0020408162
0.16950001	0.0024489795
0.16950001	0.0028571426
0.16950001	0.003265306
0.16950001	0.0036734694
0.16950001	0.0040816325
0.16950001	0.004489796
0.16950001	0.004897959
0.16950001	0.0053061224
0.16950001	0.005714285
0.16950001	0.006122449
0.16950001	0.006530612
0.16950001	0.006938775
0.16950001	0.007346939
0.16950001	0.0077551017
0.16950001	0.008163265
0.16950001	0.008571428
0.16950001	0.008979592
0.16950001	0.009387755
0.16950001	0.009795918
0.16950001	0.010204081
0.16950001	0.010612245
0.16950001	0.011020407
0.16950001	0.01142857
0.16950001	0.011836735
0.16950001	0.012244898
0.16950001	0.012653061
0.16950001	0.013061225
0.16950001	0.013469388
0.16950001	0.013877551
0.16950001	0.014285714
0.16950001	0.014693878
0.16950001	0.01510204
0.16950001	0.015510203
0.16950001	0.015918367
0.16950001	0.01632653
0.16950001	0.016734693
0.16950001	0.017142856
0.16950001	0.01755102
0.16950001	0.017959183
0.16950001	0.018367346
0.16950001	0.01877551
0.16950001	0.019183673
0.16950001	0.019591836
0.16950001	0.02
