2.200831086177302609e+02 6.918241064509362583e-03
8.273653385871780586e+01 1.484158561238002431e-02
8.496472529317352951e+01 1.652929774019143774e-02
8.197586347144496699e+01 1.593636813633439106e-02
7.699712291311985268e+01 1.465051367415973194e-02
7.261713190372167048e+01 1.344678889183154209e-02
6.984320789653475003e+01 1.245102263664890282e-02
6.857478489583898806e+01 1.175663180585990314e-02
6.799824847679512629e+01 1.137004502997172525e-02
6.770265370157284224e+01 1.110557684123841642e-02
6.726290821385438790e+01 1.091641044500954276e-02
6.671642358175084553e+01 1.064589673440168895e-02
6.554154431198790576e+01 1.035756669049027641e-02
6.387096790575922967e+01 9.985357378437248813e-03
6.182865251637156945e+01 9.629768147329308831e-03
5.970976429865360302e+01 9.231921136052973278e-03
5.758799327179106342e+01 8.775658585887149976e-03
5.485449467019792991e+01 8.516903323603998779e-03
5.203323857215692527e+01 8.133642327063660832e-03
4.912382021973701995e+01 7.724754091088769682e-03
4.596228898123889905e+01 7.242556918980063742e-03
4.272324248768146759e+01 6.879260808566685717e-03
3.953976213131841178e+01 6.443051619940952726e-03
3.638907670088001822e+01 6.015503526851595506e-03
3.335588079703145326e+01 5.588746277841544381e-03
3.045968989037994845e+01 5.198581079677478886e-03
2.777130023566613204e+01 4.793131819757013960e-03
2.518298959360447498e+01 4.456173811499367608e-03
2.277365650647819706e+01 4.120263133167259215e-03
2.050763834947567688e+01 3.796268258536090318e-03
1.842922031134008876e+01 3.516032469556116310e-03
1.649312245357364759e+01 3.227537038008713305e-03
1.476582416311475932e+01 2.963870057731961098e-03
1.320791689209720055e+01 2.738455858305752742e-03
1.183420873190395639e+01 2.518791771503633373e-03
1.054890504020025510e+01 2.337708954178018255e-03
9.467004458317783033e+00 2.149983794293772957e-03
8.517613673282625086e+00 1.975778929239161395e-03
7.572340187206439310e+00 1.834205332910460043e-03
6.764794735271470572e+00 1.685891249980235856e-03
6.056329139290409280e+00 1.557523962394448749e-03
5.428515084908784871e+00 1.440461756469306335e-03
4.858661732903390096e+00 1.323869546013935975e-03
4.361915530627411108e+00 1.219038694940321847e-03
3.925972357606136054e+00 1.136395942791370043e-03
3.538969313928964411e+00 1.031387510958810131e-03
3.211810828683127284e+00 9.779299217129143202e-04
2.925943336464815303e+00 9.259562255396326744e-04
2.669780818308412407e+00 8.661315312228627010e-04
2.465649380173529082e+00 8.152751903367285455e-04
2.276377026419890370e+00 7.802831182287452583e-04
2.112619767256115555e+00 7.357086896762516119e-04
1.982448965782741990e+00 7.200262051824294447e-04
1.864005625034037550e+00 6.810957578224361483e-04
1.764995811044067553e+00 6.648050966138794151e-04
1.649910110893722193e+00 6.203005180020406285e-04
1.590898217295849459e+00 6.256754102222482220e-04
1.519548515178694270e+00 5.997239167772830263e-04
1.461268884044863325e+00 5.938104968731696244e-04
1.397753471226913957e+00 5.772439970617393402e-04
1.340437480200682874e+00 5.648438279245372902e-04
1.307619044790625962e+00 5.605053464203441126e-04
1.263756340976576187e+00 5.490841716728130399e-04
1.222915784283612917e+00 5.485314238485050099e-04
1.172231249415255139e+00 5.247501622952664615e-04
1.160860967416553091e+00 5.394765666028992525e-04
1.130081601010693326e+00 5.305222851920111341e-04
1.103501513156767144e+00 5.171291655889207915e-04
1.085695187194200884e+00 5.291701536095137033e-04
1.064444906254082390e+00 5.229030641867155309e-04
1.049018942485500760e+00 5.202935755115819811e-04
