2.116175375902150790e+02 7.363117597155153203e-03
1.459793952763953406e+00 6.039214100535570073e-05
8.503291028040381727e-01 8.316404841222143490e-05
4.666309347811609665e-01 4.706795131735204397e-05
2.067285250994020662e-01 4.539873285516744214e-05
9.264530861257787298e-02 3.679849356381972012e-05
6.053782685857062029e-02 3.379159389187448288e-05
4.957719010614924926e-02 2.547383103362058565e-05
4.519747164079440660e-02 2.334895546796705827e-05
4.202572864492129523e-02 2.322853981826379470e-05
4.245886791844377672e-02 1.857921381041262855e-05
3.879751129032798368e-02 1.899165404414800498e-05
3.555407254843652443e-02 2.132520820103412778e-05
3.199173909052194925e-02 2.493446596254890940e-05
2.913578225162315183e-02 2.252989517950862512e-05
2.650938197922549783e-02 2.349825112519862290e-05
2.390201947677498412e-02 2.451447132337526602e-05
2.200258956067276464e-02 2.467108243211435178e-05
1.939041820363584731e-02 2.584013176922363839e-05
1.709094586550241254e-02 2.550531855614327346e-05
1.501378297327944991e-02 2.690527870308327018e-05
1.273960596035239243e-02 2.795193106262600162e-05
1.118719752247442425e-02 2.836005872029250666e-05
1.011973193868860588e-02 2.864915937305376878e-05
9.437925605130455947e-03 2.934252242041824991e-05
8.457186194238878671e-03 3.195051696131395036e-05
8.157533045673527258e-03 2.813934267619387430e-05
7.466030818658127635e-03 3.046938744171236540e-05
6.555692802952511021e-03 3.300571594885215118e-05
5.674803253145283347e-03 3.105276121966754778e-05
6.048404900535380053e-03 3.148756950344520802e-05
5.654343373202961633e-03 3.048942414057123198e-05
5.298915486404511682e-03 3.073981498210622676e-05
5.446817470781741347e-03 3.244445060111919853e-05
4.865538799064156837e-03 3.101633806359536965e-05
4.579640701427550864e-03 3.166671183672424762e-05
4.596915033254117371e-03 3.120158305123034469e-05
4.015201973417665410e-03 3.300740207693814111e-05
3.727295906362757243e-03 3.386895845530520907e-05
4.032311007254756920e-03 3.533631632899445385e-05
3.560027373936272901e-03 3.282906983253812882e-05
3.718048613294065111e-03 3.239386681841091993e-05
3.293099710402732586e-03 3.057026075862194362e-05
3.350818446627165138e-03 3.222175646025561633e-05
3.353310928938447837e-03 3.283837358517404655e-05
3.485076779990590057e-03 3.221333932935850099e-05
3.141442806268465986e-03 3.282317084755772722e-05
3.146229742175777385e-03 3.303799123876650560e-05
3.008946636918346379e-03 3.483592458018904957e-05
3.133716225426773101e-03 3.329913818669247701e-05
2.860916467936089856e-03 3.441558656155289090e-05
3.055952253132713375e-03 3.248157813231085335e-05
2.939456336201687597e-03 3.308833969583391342e-05
3.061491816510220499e-03 3.331233974216485708e-05
2.877830215362862151e-03 3.205355902155676697e-05
2.839340195376074787e-03 3.422528508658340775e-05
2.893207072185276056e-03 3.194327130527057620e-05
2.947999194375188880e-03 3.464846075636840672e-05
2.974665768914967756e-03 3.377932729850834006e-05
2.927284004400492173e-03 3.237143432130923571e-05
2.807792369424277987e-03 3.189501728025751198e-05
2.940142656811895860e-03 3.222500156539245944e-05
2.974925516215678935e-03 3.259751526773170055e-05
2.978630070683891806e-03 3.285925909631509336e-05
2.898657204525428941e-03 3.260029229754859162e-05
2.989671732789324615e-03 3.228130584518743772e-05
3.072978204438740757e-03 3.205123096406069748e-05
3.034036075116334531e-03 3.229222774690988811e-05
2.719051101770773339e-03 3.408274446811575866e-05
2.872540894038797671e-03 3.266273017477605692e-05
2.951836710483517288e-03 3.232441546970968587e-05
3.056723273546065912e-03 3.279257662569740658e-05
2.930313015630834229e-03 3.389201335378812745e-05
2.839935973898762879e-03 3.203490443810458815e-05
3.258776640608400648e-03 3.303522453231326554e-05
3.081696941767644859e-03 3.235203141983549483e-05
2.956282461773746158e-03 3.215965253260214549e-05
3.234847372003046753e-03 3.195216262613976996e-05
3.139925566193379949e-03 3.294237231504209537e-05
3.159421544848914614e-03 3.107048629353913416e-05
2.834808187949246737e-03 3.175045948082315329e-05
3.147462206132318422e-03 3.127928715267031781e-05
2.872295373417161311e-03 3.267488153505351042e-05
3.174653994461550804e-03 3.223497982165828783e-05
3.172931909203087746e-03 3.205040266585572990e-05
3.075905162976531014e-03 3.195589111896525447e-05
2.641036650318652045e-03 3.193915060476067782e-05
3.001143763127744977e-03 3.195973239274995932e-05
3.101534261692819733e-03 3.173508187433535531e-05
