1.841641851757248673e+02 7.447943240251059249e-02
6.592318837960664535e-01 1.564909753398416477e-04
1.810216604230690529e-01 5.098323231918881895e-05
4.961506227203929531e-02 2.473357563070774742e-05
3.229112209402418970e-02 1.734516772050486401e-05
2.299400710014051427e-02 4.870155324301772971e-06
1.980734600588761676e-02 9.438890999714910229e-07
1.895991854550698255e-02 2.321918721689943694e-06
1.676477185694867297e-02 2.153318130197258417e-06
1.610560674316667898e-02 3.229522118265390388e-06
1.477106606312128187e-02 1.918499604586584477e-06
1.353809612914668933e-02 5.808499996863311165e-06
1.152121691249948128e-02 1.386769880458484757e-06
1.053929048644057336e-02 1.973812193468623233e-06
9.477176959918587676e-03 6.845525380175867854e-06
7.618983987163594103e-03 2.173112047181021710e-06
6.169672267093702367e-03 1.826665456322212463e-06
4.812162741715257826e-03 1.668656528544758513e-06
3.899325540221044474e-03 4.351915760515756979e-07
3.265542010369334482e-03 2.915446781428496227e-07
2.763792335361435395e-03 5.257833889701804156e-07
2.170685858444516315e-03 3.058906484464367778e-07
1.791303543313928085e-03 6.041193698722269098e-07
1.770562548198648849e-03 5.792758246980646030e-07
1.732523510109248380e-03 2.741517105151194145e-06
1.515226412361982177e-03 4.472164963460043283e-07
1.251908365728569969e-03 5.483110788340317961e-07
1.198576702601901597e-03 6.852880974108118757e-07
1.009391103249725934e-03 2.404839510932699731e-08
8.306954146164469708e-04 2.422195304377722467e-07
7.091891113123807971e-04 7.864383464624371366e-08
5.726236346630053870e-04 2.017720173904400196e-07
4.715760700965182430e-04 8.944663515112359335e-07
4.653386625575303606e-04 6.877504564434801806e-08
4.595261958061260107e-04 7.894240272941594621e-08
2.438172384825456555e-04 2.133923460301168590e-07
3.218988426658487612e-04 4.716701770987866281e-08
2.520938451336494782e-04 6.187891126320117069e-08
1.621102588673396512e-04 3.897697054317332664e-08
1.740140482720755775e-04 8.285610841778461782e-07
1.235045987151504843e-04 7.156613430388851835e-08
9.824805999498787161e-05 3.577625421270590235e-07
1.012210287673403152e-04 7.435462416879403145e-08
2.919160076428282258e-05 1.137965532983271510e-07
4.847224320580650642e-05 6.241582582353409104e-08
4.623059104097740709e-05 2.981897285846509439e-08
3.006497757638791748e-05 1.026272325757560256e-07
2.384636562809722108e-05 5.812170986113235905e-08
4.029726127049502288e-05 1.310637731101290122e-07
1.583370506626397451e-05 2.400063838485845511e-07
2.355251131623719823e-05 8.007761961933376720e-08
2.371842314630946740e-05 5.357720809102990033e-08
1.901287721005939292e-05 4.801055588312397492e-08
3.490189137595907518e-06 4.181768502785111810e-08
1.041664503221723115e-05 6.316212853563043728e-08
4.229509224307941703e-06 4.472473100210440248e-08
1.663937771483196395e-05 4.377478406569832239e-07
1.666961993556442340e-05 4.613031537341306657e-08
2.579813910820339670e-06 4.400611583450014590e-09
9.891277924674662193e-06 2.162837188408913917e-07
9.105752159311478490e-06 3.984541787804429355e-08
7.886313029283558603e-06 5.809454314390502970e-08
6.059733417807966272e-06 4.019130569470030564e-08
9.757103960296636131e-06 2.749217780038649786e-08
2.218132584608498332e-06 4.985128120984985942e-08
1.356682828283966816e-05 4.607577156345643946e-07
9.265634323486566170e-07 4.836439737794842345e-08
6.028431794408106072e-06 4.011531786393859728e-08
9.757571891502084464e-07 2.337787181568405393e-08
1.633342701192175832e-07 2.781560722424151675e-08
3.020652354184228292e-06 9.191193517375066264e-08
7.342574003061749648e-08 8.951189939474782542e-08
1.311280903658851871e-05 1.407552427612339590e-07
7.328821562403895066e-08 2.036338454769469504e-08
1.624869463093069785e-07 3.318369310586506887e-08
1.295013828100020684e-06 7.399553714451625925e-08
2.546865585197501442e-08 2.811505618765433797e-08
1.113671761241032941e-06 4.537641064790495816e-08
4.718806385308723401e-06 5.480201141379032203e-08
1.295894743476326270e-05 5.048830411584345467e-08
5.179734276399236665e-07 4.676237928394078695e-08
4.597628565071268504e-07 1.301696155532705788e-07
1.531727116694601413e-07 8.066357628133820565e-08
4.106233658184229115e-07 6.133107869206862702e-08
1.610978179080552676e-07 4.117576201308544257e-08
4.464392430637981241e-07 2.326795616814571557e-07
1.810818067789048011e-08 2.726886866784352941e-08
4.010336780813159566e-08 2.944351869359428612e-08
2.708116571104470961e-06 5.227155360743918908e-08
5.624496748974995864e-07 3.474460314514667276e-08
1.387584815468748865e-07 2.531480737331073317e-08
9.023368461680313910e-07 4.730780629648712140e-08
6.904791081952877008e-07 4.883600240938206329e-08
1.564163155774423650e-07 4.200732118280455292e-08
1.708833623899733587e-06 2.694355267589426052e-08
6.238790948102449774e-07 5.387110329247570834e-08
9.408601790880011477e-07 1.936172882752594813e-08
2.729571786461543300e-08 2.746137354215905504e-08
2.257496223083606488e-07 2.405994676848597174e-08
3.752942658739313697e-06 5.395268419761140881e-08
