1.673521239000482126e+02 7.304098730457755928e-02
2.095294052186482237e+00 1.940603149920074998e-03
7.715167927253594016e+00 2.697513190414200374e-03
4.854449365027510233e+00 1.898641061202442594e-03
3.701968891175205556e+00 1.292741822823916670e-03
2.180376750306624700e+00 7.655240973638390619e-04
4.263952304045480757e-01 3.222612738139834327e-04
9.005016149480267213e-05 1.834876905096428457e-04
1.282707792032774796e-01 1.486889831330820075e-04
3.153807274911338276e-01 1.355548918986428282e-04
4.211174690900008621e-01 1.433784364547646586e-04
4.660811357376347663e-01 1.413006834640966167e-04
4.399398267588576217e-01 1.383519978969099246e-04
4.178862809898449271e-01 1.272231684766118507e-04
3.688948464661573334e-01 1.224250714540199006e-04
3.316934727262013660e-01 1.166943744874683158e-04
2.965187910174388319e-01 1.089640029892736462e-04
2.599992886647692902e-01 1.109825962713167208e-04
2.259512773144365383e-01 9.861549035141098200e-05
1.970057597372214531e-01 8.931989390975955808e-05
1.691193439913580843e-01 9.110519895928805294e-05
1.514106043912032407e-01 8.567619388823185622e-05
1.334335673799035837e-01 8.053925138592365638e-05
1.172980197357820775e-01 7.261942928857512353e-05
1.059320531425950035e-01 7.604950610847773483e-05
9.148749599200144134e-02 7.329682534072954117e-05
8.092645350329455423e-02 6.582056812439727501e-05
7.180697671532156046e-02 7.046897760281140987e-05
6.538917291684721855e-02 6.576966712850066256e-05
5.447177427149087203e-02 6.888556682217567809e-05
5.457045878395276606e-02 6.155241415040897744e-05
5.254998292464778398e-02 5.988652656727185046e-05
4.778131266227892554e-02 5.615051581714259607e-05
4.263126590034919255e-02 6.429563383211742730e-05
4.247137865342589386e-02 5.779969926884165619e-05
4.009296426101915944e-02 5.894628758123410277e-05
3.618840503628278221e-02 5.465824605965179090e-05
3.877793600255317885e-02 5.665928568178009938e-05
3.991748289447260428e-02 5.233510575826123818e-05
3.714487554782083811e-02 5.102229233282899192e-05
3.626971674955453001e-02 5.437073911694943691e-05
3.463428466896485702e-02 5.018946307392211362e-05
3.270135441722037822e-02 5.604377613837201514e-05
3.374408304872592024e-02 5.070267271865043518e-05
3.098078233964557046e-02 5.423655362582933070e-05
3.072190625874802669e-02 5.016813676211382528e-05
2.942370273415676266e-02 5.340558835589322178e-05
2.860220839994984110e-02 5.149114362760031071e-05
2.804666863754281397e-02 5.067480593853156557e-05
2.589528299391663513e-02 5.067315858770657990e-05
2.498086689116162107e-02 5.456000409864598933e-05
2.091190832988486584e-02 5.182346946253685354e-05
2.623122163158580003e-02 5.778642852878095390e-05
2.237523219555568807e-02 5.175333563047398560e-05
2.044633401115732510e-02 5.519989601593683229e-05
1.927996137342281868e-02 5.498065308184335749e-05
1.713744275493815639e-02 5.392977458397575456e-05
1.814875977692917072e-02 5.367217137967015010e-05
